1715008252 0.000302 0.000000 0.011390 0.011692 -1 2
1715008253 0.000146 0.000000 0.491895 0.492041 -1 2
1715008254 0.000156 0.000000 0.145037 0.145193 -1 2
1715008255 0.000165 0.000000 0.464965 0.465130 -1 2
1715008256 0.000167 0.000000 0.008858 0.009025 -1 2
1715008257 0.000163 0.000000 1.311965 1.312128 -1 2
1715008258 0.000163 0.000000 0.042485 0.042648 -1 2
1715008259 0.000159 0.000000 0.072946 0.073105 -1 2
1715008260 0.000165 0.000000 0.010902 0.011067 -1 2
1715008261 0.000163 0.000000 0.006236 0.006399 -1 2
1715008262 0.000160 0.000000 0.012727 0.012887 -1 2
1715008263 0.000147 0.000000 0.234147 0.234294 -1 2
1715008264 0.000178 0.000000 0.020775 0.020953 -1 2
1715008265 0.000166 0.000000 0.033860 0.034026 -1 2
1715008266 0.000140 0.000000 1.034035 1.034175 -1 2
1715008267 0.000134 0.000000 0.040775 0.040909 -1 2
1715008268 0.000158 0.000000 0.053480 0.053638 -1 2
1715008269 0.000131 0.000000 0.059867 0.059998 -1 2
1715008270 0.000184 0.000000 0.008391 0.008575 -1 2
1715008271 0.000124 0.000000 0.079007 0.079131 -1 2
1715008272 0.000148 0.000000 0.006587 0.006735 -1 2
1715008273 0.000144 0.000000 0.030105 0.030249 -1 2
1715008274 0.000135 0.000000 0.002653 0.002788 -1 2
1715008275 0.000164 0.000000 0.290257 0.290421 -1 2
1715008276 0.000127 0.000000 0.034240 0.034367 -1 2
1715008277 0.000122 0.000000 0.009887 0.010009 -1 2
1715008278 0.000128 0.000000 0.169637 0.169765 -1 2
1715008279 0.000141 0.000000 0.008651 0.008792 -1 2
1715008280 0.000142 0.000000 0.003039 0.003181 -1 2
1715008281 0.000158 0.000000 0.016412 0.016570 -1 2
1715008282 0.000138 0.000000 0.061118 0.061256 -1 2
1715008283 0.000162 0.000000 0.004892 0.005054 -1 2
1715008284 0.000124 0.000000 0.154503 0.154627 -1 2
1715008285 0.000161 0.000000 0.039168 0.039329 -1 2
1715008286 0.000141 0.000000 0.333773 0.333914 -1 2
1715008287 0.000139 0.000000 0.049343 0.049482 -1 2
1715008288 0.000138 0.000000 0.284104 0.284242 -1 2
1715008289 0.000130 0.000000 0.038339 0.038469 -1 2
1715008290 0.000133 0.000000 0.005855 0.005988 -1 2
1715008291 0.000119 0.000000 0.063913 0.064032 -1 2
1715008292 0.000133 0.000000 0.003246 0.003379 -1 2
1715008293 0.000123 0.000000 0.128458 0.128581 -1 2
1715008294 0.000133 0.000000 0.019263 0.019396 -1 2
1715008295 0.000161 0.000000 0.111541 0.111702 -1 2
1715008296 0.000129 0.000000 0.024365 0.024494 -1 2
1715008297 0.000132 0.000000 0.010767 0.010899 -1 2
1715008298 0.000116 0.000000 0.169070 0.169186 -1 2
1715008299 0.000140 0.000000 0.005178 0.005318 -1 2
1715008300 0.000140 0.000000 0.075712 0.075852 -1 2
1715008301 0.000136 0.000000 0.191347 0.191483 -1 2
1715008302 0.000166 0.000000 0.011600 0.011766 -1 2
1715008303 0.000137 0.000000 0.003295 0.003432 -1 2
1715008304 0.000134 0.000000 0.011276 0.011410 -1 2
1715008305 0.000132 0.000000 0.008544 0.008676 -1 2
1715008306 0.000157 0.000000 0.020244 0.020401 -1 2
1715008307 0.000120 0.000000 1.957324 1.957444 -1 2
1715008308 0.000120 0.000000 0.495190 0.495310 -1 2
1715008309 0.000123 0.000000 0.003505 0.003628 -1 2
1715008310 0.000126 0.000000 0.181892 0.182018 -1 2
1715008311 0.000126 0.000000 0.014426 0.014552 -1 2
1715008312 0.000122 0.000000 0.039859 0.039981 -1 2
1715008313 0.000130 0.000000 0.017126 0.017256 -1 2
1715008314 0.000124 0.000000 0.003856 0.003980 -1 2
1715008315 0.000128 0.000000 0.041202 0.041330 -1 2
1715008316 0.000124 0.000000 0.020548 0.020672 -1 2
1715008317 0.000133 0.000000 0.004877 0.005010 -1 2
1715008318 0.000132 0.000000 0.006421 0.006553 -1 2
1715008319 0.000127 0.000000 0.017454 0.017581 -1 2
1715008320 0.000132 0.000000 0.010267 0.010399 -1 2
1715008321 0.000125 0.000000 0.041001 0.041126 -1 2
1715008322 0.000123 0.000000 0.046852 0.046975 -1 2
1715008323 0.000124 0.000000 0.010300 0.010424 -1 2
1715008324 0.000120 0.000000 0.074191 0.074311 -1 2
1715008325 0.000146 0.000000 0.003396 0.003542 -1 2
1715008326 0.000131 0.000000 0.015087 0.015218 -1 2
1715008327 0.000116 0.000000 0.106603 0.106719 -1 2
1715008328 0.000130 0.000000 0.003689 0.003819 -1 2
1715008329 0.000128 0.000000 0.010963 0.011091 -1 2
1715008330 0.000132 0.000000 0.007416 0.007548 -1 2
1715008331 0.000125 0.000000 0.018480 0.018605 -1 2
1715008332 0.000133 0.000000 0.021312 0.021445 -1 2
1715008333 0.000124 0.000000 0.018961 0.019085 -1 2
1715008334 0.000129 0.000000 0.006047 0.006176 -1 2
1715008335 0.000122 0.000000 0.046259 0.046381 -1 2
1715008336 0.000129 0.000000 0.010981 0.011110 -1 2
1715008337 0.000138 0.000000 0.027022 0.027160 -1 2
1715008338 0.000124 0.000000 0.367343 0.367467 -1 2
1715008339 0.000135 0.000000 2.491465 2.491600 -1 2
1715008340 0.000122 0.000000 0.121890 0.122012 -1 2
1715008341 0.000117 0.000000 0.028356 0.028473 -1 2
1715008342 0.000120 0.000000 0.561692 0.561812 -1 2
1715008343 0.000129 0.000000 0.038149 0.038278 -1 2
1715008344 0.000126 0.000000 0.493416 0.493542 -1 2
1715008345 0.000133 0.000000 0.016313 0.016446 -1 2
1715008346 0.000126 0.000000 0.007224 0.007350 -1 2
1715008347 0.000121 0.000000 0.027818 0.027939 -1 2
1715008348 0.000124 0.000000 0.014276 0.014400 -1 2
1715008349 0.000124 0.000000 0.910853 0.910977 -1 2
1715008350 0.000135 0.000000 0.058878 0.059013 -1 2
1715008351 0.000129 0.000000 0.007155 0.007284 -1 2
1715008352 0.000127 0.000000 0.033371 0.033498 -1 2
1715008353 0.000126 0.000000 0.013129 0.013255 -1 2
1715008354 0.000122 0.000000 0.028310 0.028432 -1 2
1715008355 0.000130 0.000000 0.003862 0.003992 -1 2
1715008356 0.000125 0.000000 0.297924 0.298049 -1 2
1715008357 0.000131 0.000000 0.011968 0.012099 -1 2
1715008358 0.000131 0.000000 0.015265 0.015396 -1 2
1715008359 0.000128 0.000000 0.006078 0.006206 -1 2
1715008360 0.000127 0.000000 0.008529 0.008656 -1 2
1715008361 0.000130 0.000000 0.005950 0.006080 -1 2
1715008362 0.000130 0.000000 0.018853 0.018983 -1 2
1715008363 0.000131 0.000000 0.019928 0.020059 -1 2
1715008364 0.000131 0.000000 0.005166 0.005297 -1 2
1715008365 0.000122 0.000000 0.033308 0.033430 -1 2
1715008366 0.000131 0.000000 1.817651 1.817782 -1 2
1715008367 0.000135 0.000000 0.002672 0.002807 -1 2
1715008368 0.000126 0.000000 0.013565 0.013691 -1 2
1715008369 0.000124 0.000000 0.091599 0.091723 -1 2
1715008370 0.000125 0.000000 0.018809 0.018934 -1 2
1715008371 0.000129 0.000000 0.004844 0.004973 -1 2
1715008372 0.000134 0.000000 0.297232 0.297366 -1 2
1715008373 0.000153 0.000000 0.003783 0.003936 -1 2
1715008374 0.000145 0.000000 0.107824 0.107969 -1 2
1715008375 0.000152 0.000000 0.006338 0.006490 -1 2
1715008376 0.000136 0.000000 0.104316 0.104452 -1 2
1715008377 0.000147 0.000000 0.023111 0.023258 -1 2
1715008378 0.000130 0.000000 0.006617 0.006747 -1 2
1715008379 0.000130 0.000000 0.054073 0.054203 -1 2
1715008380 0.000157 0.000000 0.011332 0.011489 -1 2
1715008381 0.000148 0.000000 0.004117 0.004265 -1 2
1715008382 0.000124 0.000000 0.188625 0.188749 -1 2
1715008383 0.000134 0.000000 0.003869 0.004003 -1 2
1715008384 0.000129 0.000000 0.009634 0.009763 -1 2
1715008385 0.000128 0.000000 0.005519 0.005647 -1 2
1715008386 0.000121 0.000000 0.105674 0.105795 -1 2
1715008387 0.000144 0.000000 0.045359 0.045503 -1 2
1715008388 0.000131 0.000000 0.022413 0.022544 -1 2
1715008389 0.000134 0.000000 0.005768 0.005902 -1 2
1715008390 0.000137 0.000000 0.029102 0.029239 -1 2
1715008391 0.000138 0.000000 0.009066 0.009204 -1 2
1715008392 0.000130 0.000000 0.366474 0.366604 -1 2
1715008393 0.000140 0.000000 0.008023 0.008163 -1 2
1715008394 0.000133 0.000000 0.062179 0.062312 -1 2
1715008395 0.000132 0.000000 0.032398 0.032530 -1 2
1715008396 0.000133 0.000000 0.004963 0.005096 -1 2
1715008397 0.000121 0.000000 0.011217 0.011338 -1 2
1715008398 0.000129 0.000000 0.041068 0.041197 -1 2
1715008399 0.000133 0.000000 0.010947 0.011080 -1 2
1715008400 0.000129 0.000000 0.008788 0.008917 -1 2
1715008401 0.000134 0.000000 0.014253 0.014387 -1 2
1715008402 0.000142 0.000000 0.013236 0.013378 -1 2
1715008403 0.000140 0.000000 0.007997 0.008137 -1 2
1715008404 0.000139 0.000000 0.019323 0.019462 -1 2
1715008405 0.000134 0.000000 0.026743 0.026877 -1 2
1715008406 0.000136 0.000000 0.005288 0.005424 -1 2
1715008407 0.000140 0.000000 0.011954 0.012094 -1 2
1715008408 0.000126 0.000000 0.069964 0.070090 -1 2
1715008409 0.000141 0.000000 0.038769 0.038910 -1 2
1715008410 0.000173 0.000000 0.020046 0.020219 -1 2
1715008411 0.000137 0.000000 0.043285 0.043422 -1 2
1715008412 0.000139 0.000000 0.090016 0.090155 -1 2
1715008413 0.000161 0.000000 0.015152 0.015313 -1 2
1715008414 0.000178 0.000000 0.019906 0.020084 -1 2
1715008415 0.000153 0.000000 0.007963 0.008116 -1 2
1715008416 0.000143 0.000000 0.012361 0.012504 -1 2
1715008417 0.000133 0.000000 0.025646 0.025779 -1 2
1715008418 0.000156 0.000000 0.095532 0.095688 -1 2
1715008419 0.000130 0.000000 0.126014 0.126144 -1 2
1715008420 0.000149 0.000000 0.006427 0.006576 -1 2
1715008421 0.000132 0.000000 1.010775 1.010907 -1 2
1715008422 0.000132 0.000000 0.035634 0.035766 -1 2
1715008423 0.000127 0.000000 0.007727 0.007854 -1 2
1715008424 0.000120 0.000000 0.169162 0.169282 -1 2
1715008425 0.000128 0.000000 0.373279 0.373407 -1 2
1715008426 0.000135 0.000000 0.003729 0.003864 -1 2
1715008427 0.000120 0.000000 0.013634 0.013754 -1 2
1715008428 0.000129 0.000000 0.006607 0.006736 -1 2
1715008429 0.000127 0.000000 0.079854 0.079981 -1 2
1715008430 0.000127 0.000000 0.393490 0.393617 -1 2
1715008431 0.000123 0.000000 0.243945 0.244068 -1 2
1715008432 0.000133 0.000000 0.008143 0.008276 -1 2
1715008433 0.000116 0.000000 0.359327 0.359443 -1 2
1715008434 0.000130 0.000000 0.007593 0.007723 -1 2
1715008435 0.000125 0.000000 0.006198 0.006323 -1 2
1715008436 0.000115 0.000000 9.006981 9.007096 -1 2
1715008437 0.000122 0.000000 0.049881 0.050003 -1 2
1715008438 0.000116 0.000000 0.074875 0.074991 -1 2
1715008439 0.000130 0.000000 0.059183 0.059313 -1 2
1715008440 0.000130 0.000000 0.008610 0.008740 -1 2
1715008441 0.000122 0.000000 0.136776 0.136898 -1 2
1715008442 0.000124 0.000000 0.003591 0.003715 -1 2
1715008443 0.000131 0.000000 0.038502 0.038633 -1 2
1715008444 0.000123 0.000000 0.030047 0.030170 -1 2
1715008445 0.000135 0.000000 0.017497 0.017632 -1 2
1715008446 0.000130 0.000000 0.192934 0.193064 -1 2
1715008447 0.000126 0.000000 0.004918 0.005044 -1 2
1715008448 0.000127 0.000000 0.014997 0.015124 -1 2
1715008449 0.000114 0.000000 0.142559 0.142673 -1 2
1715008450 0.000126 0.000000 0.118212 0.118338 -1 2
1715008451 0.000126 0.000000 0.013451 0.013577 -1 2
1715008452 0.000125 0.000000 0.006390 0.006515 -1 2
1715008453 0.000126 0.000000 0.032932 0.033058 -1 2
1715008454 0.000135 0.000000 0.026880 0.027015 -1 2
1715008455 0.000129 0.000000 0.018889 0.019018 -1 2
1715008456 0.000128 0.000000 0.052334 0.052462 -1 2
1715008457 0.000133 0.000000 0.143569 0.143702 -1 2
1715008458 0.000130 0.000000 0.083452 0.083582 -1 2
1715008459 0.000134 0.000000 0.006998 0.007132 -1 2
1715008460 0.000118 0.000000 4.948064 4.948182 -1 2
1715008461 0.000125 0.000000 0.032008 0.032133 -1 2
1715008462 0.000118 0.000000 0.207743 0.207861 -1 2
1715008463 0.000127 0.000000 0.073960 0.074087 -1 2
1715008464 0.000132 0.000000 0.024787 0.024919 -1 2
1715008465 0.000120 0.000000 0.022420 0.022540 -1 2
1715008466 0.000123 0.000000 0.016845 0.016968 -1 2
1715008467 0.000125 0.000000 0.079036 0.079161 -1 2
1715008468 0.000118 0.000000 0.043852 0.043970 -1 2
1715008469 0.000127 0.000000 0.246538 0.246665 -1 2
1715008470 0.000136 0.000000 0.004308 0.004444 -1 2
1715008471 0.000117 0.000000 0.028832 0.028949 -1 2
1715008472 0.000122 0.000000 0.064948 0.065070 -1 2
1715008473 0.000130 0.000000 0.014594 0.014724 -1 2
1715008474 0.000133 0.000000 0.013872 0.014005 -1 2
1715008475 0.000126 0.000000 0.111203 0.111329 -1 2
1715008476 0.000123 0.000000 0.016966 0.017089 -1 2
1715008477 0.000129 0.000000 0.006375 0.006504 -1 2
1715008478 0.000124 0.000000 0.027170 0.027294 -1 2
1715008479 0.000130 0.000000 0.046202 0.046332 -1 2
1715008480 0.000137 0.000000 0.003723 0.003860 -1 2
1715008481 0.000146 0.000000 0.010871 0.011017 -1 2
1715008482 0.000131 0.000000 0.010574 0.010705 -1 2
1715008483 0.000134 0.000000 0.051436 0.051570 -1 2
1715008484 0.000139 0.000000 0.083094 0.083233 -1 2
1715008485 0.000152 0.000000 0.044330 0.044482 -1 2
1715008486 0.000153 0.000000 0.010038 0.010191 -1 2
1715008487 0.000148 0.000000 0.025245 0.025393 -1 2
1715008488 0.000150 0.000000 0.113970 0.114120 -1 2
1715008489 0.000150 0.000000 0.012149 0.012299 -1 2
1715008490 0.000133 0.000000 0.056386 0.056519 -1 2
1715008491 0.000153 0.000000 0.018286 0.018439 -1 2
1715008492 0.000135 0.000000 0.005714 0.005849 -1 2
1715008493 0.000147 0.000000 0.020721 0.020868 -1 2
1715008494 0.000141 0.000000 0.010159 0.010300 -1 2
1715008495 0.000128 0.000000 0.105752 0.105880 -1 2
1715008496 0.000157 0.000000 0.035383 0.035540 -1 2
1715008497 0.000142 0.000000 0.020712 0.020854 -1 2
1715008498 0.000126 0.000000 0.991488 0.991614 -1 2
1715008499 0.000142 0.000000 0.006510 0.006652 -1 2
1715008500 0.000130 0.000000 0.017683 0.017813 -1 2
1715008501 0.000132 0.000000 0.006333 0.006465 -1 2
1715008502 0.000131 0.000000 0.038701 0.038832 -1 2
1715008503 0.000149 0.000000 0.074067 0.074216 -1 2
1715008504 0.000146 0.000000 0.012129 0.012275 -1 2
1715008505 0.000135 0.000000 0.007487 0.007622 -1 2
1715008506 0.000147 0.000000 0.132795 0.132942 -1 2
1715008507 0.000145 0.000000 0.022243 0.022388 -1 2
1715008508 0.000135 0.000000 0.006803 0.006938 -1 2
1715008509 0.000132 0.000000 0.067182 0.067314 -1 2
1715008510 0.000154 0.000000 0.037759 0.037913 -1 2
1715008511 0.000146 0.000000 0.016796 0.016942 -1 2
1715008512 0.000140 0.000000 0.032020 0.032160 -1 2
1715008513 0.000136 0.000000 0.056597 0.056733 -1 2
1715008514 0.000118 0.000000 0.236086 0.236204 -1 2
1715008515 0.000136 0.000000 0.014314 0.014450 -1 2
1715008516 0.000122 0.000000 0.131556 0.131678 -1 2
1715008517 0.000134 0.000000 0.004419 0.004553 -1 2
1715008518 0.000124 0.000000 0.041948 0.042072 -1 2
1715008519 0.000128 0.000000 0.086996 0.087124 -1 2
1715008520 0.000126 0.000000 0.027561 0.027687 -1 2
1715008521 0.000132 0.000000 0.005688 0.005820 -1 2
1715008522 0.000145 0.000000 0.030317 0.030462 -1 2
1715008523 0.000134 0.000000 0.038013 0.038147 -1 2
1715008524 0.000122 0.000000 0.116342 0.116464 -1 2
1715008525 0.000127 0.000000 0.005818 0.005945 -1 2
1715008526 0.000123 0.000000 0.020298 0.020421 -1 2
1715008527 0.000123 0.000000 0.045872 0.045995 -1 2
1715008528 0.000124 0.000000 0.033924 0.034048 -1 2
1715008529 0.000125 0.000000 0.265462 0.265587 -1 2
1715008530 0.000128 0.000000 0.564600 0.564728 -1 2
1715008531 0.000139 0.000000 0.002220 0.002359 -1 2
1715008532 0.000129 0.000000 0.021953 0.022082 -1 2
1715008533 0.000127 0.000000 0.013069 0.013196 -1 2
1715008534 0.000132 0.000000 0.008191 0.008323 -1 2
1715008535 0.000120 0.000000 0.029874 0.029994 -1 2
1715008536 0.000126 0.000000 0.040922 0.041048 -1 2
1715008537 0.000136 0.000000 0.020830 0.020966 -1 2
1715008538 0.000131 0.000000 0.012375 0.012506 -1 2
1715008539 0.000133 0.000000 0.005867 0.006000 -1 2
1715008540 0.000123 0.000000 0.069022 0.069145 -1 2
1715008541 0.000125 0.000000 0.005850 0.005975 -1 2
1715008542 0.000127 0.000000 0.026797 0.026924 -1 2
1715008543 0.000116 0.000000 0.089336 0.089452 -1 2
1715008544 0.000130 0.000000 0.027075 0.027205 -1 2
1715008545 0.000124 0.000000 0.039794 0.039918 -1 2
1715008546 0.000129 0.000000 0.048104 0.048233 -1 2
1715008547 0.000130 0.000000 0.018406 0.018536 -1 2
1715008548 0.000127 0.000000 0.299910 0.300037 -1 2
1715008549 0.000140 0.000000 0.010361 0.010501 -1 2
1715008550 0.000128 0.000000 0.130364 0.130492 -1 2
1715008551 0.000138 0.000000 0.124877 0.125015 -1 2
1715008552 0.000136 0.000000 0.008471 0.008607 -1 2
1715008553 0.000131 0.000000 0.013370 0.013501 -1 2
1715008554 0.000128 0.000000 0.034728 0.034856 -1 2
1715008555 0.000127 0.000000 0.261116 0.261243 -1 2
1715008556 0.000144 0.000000 0.004307 0.004451 -1 2
1715008557 0.000122 0.000000 0.060569 0.060691 -1 2
1715008558 0.000127 0.000000 0.042093 0.042220 -1 2
1715008559 0.000120 0.000000 0.069653 0.069773 -1 2
1715008560 0.000131 0.000000 0.139903 0.140034 -1 2
1715008561 0.000129 0.000000 0.049321 0.049450 -1 2
1715008562 0.000130 0.000000 0.020291 0.020421 -1 2
1715008563 0.000129 0.000000 0.009398 0.009527 -1 2
1715008564 0.000120 0.000000 0.086090 0.086210 -1 2
1715008565 0.000131 0.000000 0.012046 0.012177 -1 2
1715008566 0.000122 0.000000 0.025474 0.025596 -1 2
1715008567 0.000127 0.000000 0.013435 0.013562 -1 2
1715008568 0.000121 0.000000 0.134721 0.134842 -1 2
1715008569 0.000128 0.000000 0.044177 0.044305 -1 2
1715008570 0.000139 0.000000 0.003607 0.003746 -1 2
1715008571 0.000128 0.000000 0.014796 0.014924 -1 2
1715008572 0.000131 0.000000 0.005844 0.005975 -1 2
1715008573 0.000127 0.000000 0.009109 0.009236 -1 2
1715008574 0.000119 0.000000 0.043303 0.043422 -1 2
1715008575 0.000137 0.000000 0.007000 0.007137 -1 2
1715008576 0.000128 0.000000 0.011486 0.011614 -1 2
1715008577 0.000132 0.000000 0.011100 0.011232 -1 2
1715008578 0.000121 0.000000 0.003288 0.003409 -1 2
1715008579 0.000149 0.000000 0.003800 0.003949 -1 2
1715008580 0.000175 0.000000 0.020360 0.020535 -1 2
1715008581 0.000143 0.000000 0.005710 0.005853 -1 2
1715008582 0.000134 0.000000 0.014673 0.014807 -1 2
1715008583 0.000138 0.000000 0.014965 0.015103 -1 2
1715008584 0.000157 0.000000 0.187269 0.187426 -1 2
1715008585 0.000143 0.000000 0.003168 0.003311 -1 2
1715008586 0.000131 0.000000 0.004179 0.004310 -1 2
1715008587 0.000129 0.000000 0.002969 0.003098 -1 2
1715008588 0.000119 0.000000 0.382388 0.382507 -1 2
1715008589 0.000146 0.000000 0.014152 0.014298 -1 2
1715008590 0.000140 0.000000 0.009694 0.009834 -1 2
1715008591 0.000127 0.000000 0.246041 0.246168 -1 2
1715008592 0.000138 0.000000 10.960973 10.961111 -1 2
1715008593 0.000128 0.000000 0.016943 0.017071 -1 2
1715008594 0.000128 0.000000 0.060454 0.060582 -1 2
1715008595 0.000136 0.000000 0.004850 0.004986 -1 2
1715008596 0.000133 0.000000 0.003874 0.004007 -1 2
1715008597 0.000136 0.000000 0.004827 0.004963 -1 2
1715008598 0.000126 0.000000 0.036912 0.037038 -1 2
1715008599 0.000120 0.000000 0.033013 0.033133 -1 2
1715008600 0.000133 0.000000 0.023042 0.023175 -1 2
1715008601 0.000133 0.000000 0.064771 0.064904 -1 2
1715008602 0.000125 0.000000 0.003886 0.004011 -1 2
1715008603 0.000113 0.000000 0.146299 0.146412 -1 2
1715008604 0.000127 0.000000 0.037531 0.037658 -1 2
1715008605 0.000134 0.000000 0.026025 0.026159 -1 2
1715008606 0.000143 0.000000 0.016338 0.016481 -1 2
1715008607 0.000132 0.000000 0.016104 0.016236 -1 2
1715008608 0.000137 0.000000 0.011421 0.011558 -1 2
1715008609 0.000129 0.000000 0.024339 0.024468 -1 2
1715008610 0.000133 0.000000 0.032043 0.032176 -1 2
1715008611 0.000119 0.000000 0.203850 0.203969 -1 2
1715008612 0.000128 0.000000 0.010525 0.010653 -1 2
1715008613 0.000137 0.000000 0.027894 0.028031 -1 2
1715008614 0.000132 0.000000 0.068323 0.068455 -1 2
1715008615 0.000122 0.000000 0.629312 0.629434 -1 2
1715008616 0.000135 0.000000 0.010254 0.010389 -1 2
1715008617 0.000147 0.000000 0.014877 0.015024 -1 2
1715008618 0.000122 0.000000 0.157586 0.157708 -1 2
1715008619 0.000135 0.000000 0.026385 0.026520 -1 2
1715008620 0.000127 0.000000 0.075423 0.075550 -1 2
1715008621 0.000129 0.000000 0.072067 0.072196 -1 2
1715008622 0.000137 0.000000 0.127639 0.127776 -1 2
1715008623 0.000123 0.000000 0.118242 0.118365 -1 2
1715008624 0.000124 0.000000 0.016559 0.016683 -1 2
1715008625 0.000121 0.000000 0.049863 0.049984 -1 2
1715008626 0.000126 0.000000 0.010679 0.010805 -1 2
1715008627 0.000123 0.000000 0.009714 0.009837 -1 2
1715008628 0.000131 0.000000 0.007299 0.007430 -1 2
1715008629 0.000130 0.000000 0.011162 0.011292 -1 2
1715008630 0.000134 0.000000 0.008058 0.008192 -1 2
1715008631 0.000137 0.000000 0.003144 0.003281 -1 2
1715008632 0.000136 0.000000 0.028631 0.028767 -1 2
1715008633 0.000136 0.000000 0.010395 0.010531 -1 2
1715008634 0.000125 0.000000 0.054301 0.054426 -1 2
1715008635 0.000127 0.000000 0.027464 0.027591 -1 2
1715008636 0.000126 0.000000 0.007538 0.007664 -1 2
1715008637 0.000122 0.000000 0.777444 0.777566 -1 2
1715008638 0.000152 0.000000 0.062270 0.062422 -1 2
1715008639 0.000159 0.000000 0.018339 0.018498 -1 2
1715008640 0.000132 0.000000 0.473868 0.474000 -1 2
1715008641 0.000139 0.000000 0.007978 0.008117 -1 2
1715008642 0.000130 0.000000 0.129249 0.129379 -1 2
1715008643 0.000133 0.000000 0.023235 0.023368 -1 2
1715008644 0.000129 0.000000 0.115514 0.115643 -1 2
1715008645 0.000134 0.000000 0.066827 0.066961 -1 2
1715008646 0.000131 0.000000 0.016840 0.016971 -1 2
1715008647 0.000121 0.000000 4.751071 4.751192 -1 2
1715008648 0.000137 0.000000 0.015678 0.015815 -1 2
1715008649 0.000138 0.000000 0.010749 0.010887 -1 2
1715008650 0.000135 0.000000 0.026178 0.026313 -1 2
1715008651 0.000131 0.000000 0.033433 0.033564 -1 2
1715008652 0.000134 0.000000 0.059205 0.059339 -1 2
1715008653 0.000128 0.000000 0.103603 0.103731 -1 2
1715008654 0.000126 0.000000 0.187727 0.187853 -1 2
1715008655 0.000131 0.000000 0.021173 0.021304 -1 2
1715008656 0.000131 0.000000 0.083588 0.083719 -1 2
1715008657 0.000133 0.000000 0.003113 0.003246 -1 2
1715008658 0.000124 0.000000 0.249030 0.249154 -1 2
1715008659 0.000130 0.000000 0.007434 0.007564 -1 2
1715008660 0.000122 0.000000 0.195409 0.195531 -1 2
1715008661 0.000136 0.000000 0.004253 0.004389 -1 2
1715008662 0.000109 0.000000 0.577227 0.577336 -1 2
1715008663 0.000122 0.000000 0.568198 0.568320 -1 2
1715008664 0.000131 0.000000 0.126182 0.126313 -1 2
1715008665 0.000130 0.000000 0.123571 0.123701 -1 2
1715008666 0.000129 0.000000 0.009366 0.009495 -1 2
1715008667 0.000128 0.000000 0.019245 0.019373 -1 2
1715008668 0.000131 0.000000 0.003353 0.003484 -1 2
1715008669 0.000130 0.000000 0.009207 0.009337 -1 2
1715008670 0.000126 0.000000 0.410521 0.410647 -1 2
1715008671 0.000130 0.000000 0.101652 0.101782 -1 2
1715008672 0.000136 0.000000 0.019256 0.019392 -1 2
1715008673 0.000121 0.000000 0.075702 0.075823 -1 2
1715008674 0.000130 0.000000 0.014025 0.014155 -1 2
1715008675 0.000139 0.000000 0.013971 0.014110 -1 2
1715008676 0.000130 0.000000 0.007979 0.008109 -1 2
1715008677 0.000130 0.000000 0.010080 0.010210 -1 2
1715008678 0.000141 0.000000 0.010656 0.010797 -1 2
1715008679 0.000125 0.000000 0.010070 0.010195 -1 2
1715008680 0.000126 0.000000 0.007437 0.007563 -1 2
1715008681 0.000121 0.000000 1.515147 1.515268 -1 2
1715008682 0.000135 0.000000 0.003475 0.003610 -1 2
1715008683 0.000131 0.000000 0.022926 0.023057 -1 2
1715008684 0.000126 0.000000 0.028582 0.028708 -1 2
1715008685 0.000127 0.000000 0.089910 0.090037 -1 2
1715008686 0.000125 0.000000 0.457176 0.457301 -1 2
1715008687 0.000129 0.000000 0.027680 0.027809 -1 2
1715008688 0.000123 0.000000 0.049313 0.049436 -1 2
1715008689 0.000124 0.000000 0.112590 0.112714 -1 2
1715008690 0.000133 0.000000 0.449310 0.449443 -1 2
1715008691 0.000126 0.000000 0.132213 0.132339 -1 2
1715008692 0.000126 0.000000 0.010920 0.011046 -1 2
1715008693 0.000128 0.000000 0.038352 0.038480 -1 2
1715008694 0.000125 0.000000 0.022401 0.022526 -1 2
1715008695 0.000126 0.000000 0.033040 0.033166 -1 2
1715008696 0.000128 0.000000 0.120402 0.120530 -1 2
1715008697 0.000137 0.000000 0.005326 0.005463 -1 2
1715008698 0.000133 0.000000 0.019925 0.020058 -1 2
1715008699 0.000130 0.000000 0.051037 0.051167 -1 2
1715008700 0.000134 0.000000 0.008663 0.008797 -1 2
1715008701 0.000119 0.000000 0.174807 0.174926 -1 2
1715008702 0.000141 0.000000 0.874622 0.874763 -1 2
1715008703 0.000133 0.000000 0.070721 0.070854 -1 2
1715008704 0.000131 0.000000 0.067085 0.067216 -1 2
1715008705 0.000131 0.000000 0.073198 0.073329 -1 2
1715008706 0.000127 0.000000 0.025954 0.026081 -1 2
1715008707 0.000122 0.000000 0.719529 0.719651 -1 2
1715008708 0.000125 0.000000 0.060913 0.061038 -1 2
1715008709 0.000150 0.000000 0.169231 0.169381 -1 2
1715008710 0.000134 0.000000 0.058737 0.058871 -1 2
1715008711 0.000121 0.000000 0.301281 0.301402 -1 2
1715008712 0.000132 0.000000 0.006657 0.006789 -1 2
1715008713 0.000129 0.000000 0.090157 0.090286 -1 2
1715008714 0.000152 0.000000 0.106081 0.106233 -1 2
1715008715 0.000165 0.000000 0.020537 0.020702 -1 2
1715008716 0.000151 0.000000 0.005193 0.005344 -1 2
1715008717 0.000139 0.000000 0.008926 0.009065 -1 2
1715008718 0.000133 0.000000 0.712407 0.712540 -1 2
1715008719 0.000146 0.000000 0.054982 0.055128 -1 2
1715008720 0.000134 0.000000 0.020063 0.020197 -1 2
1715008721 0.000124 0.000000 0.099430 0.099554 -1 2
1715008722 0.000124 0.000000 0.116605 0.116729 -1 2
1715008723 0.000125 0.000000 0.098418 0.098543 -1 2
1715008724 0.000135 0.000000 0.013648 0.013783 -1 2
1715008725 0.000135 0.000000 0.020862 0.020997 -1 2
1715008726 0.000128 0.000000 0.016991 0.017119 -1 2
1715008727 0.000124 0.000000 0.058929 0.059053 -1 2
1715008728 0.000130 0.000000 0.013749 0.013879 -1 2
1715008729 0.000132 0.000000 0.304149 0.304281 -1 2
1715008730 0.000132 0.000000 0.240156 0.240288 -1 2
1715008731 0.000129 0.000000 0.054384 0.054513 -1 2
1715008732 0.000127 0.000000 0.019601 0.019728 -1 2
1715008733 0.000126 0.000000 0.102572 0.102698 -1 2
1715008734 0.000137 0.000000 0.023981 0.024118 -1 2
1715008735 0.000172 0.000000 0.014173 0.014345 -1 2
1715008736 0.000136 0.000000 0.055724 0.055860 -1 2
1715008737 0.000118 0.000000 0.040625 0.040743 -1 2
1715008738 0.000140 0.000000 0.245866 0.246006 -1 2
1715008739 0.000155 0.000000 2.443509 2.443664 -1 2
1715008740 0.000133 0.000000 0.087669 0.087802 -1 2
1715008741 0.000123 0.000000 0.087433 0.087556 -1 2
1715008742 0.000128 0.000000 0.043758 0.043886 -1 2
1715008743 0.000133 0.000000 0.015361 0.015494 -1 2
1715008744 0.000120 0.000000 0.169157 0.169277 -1 2
1715008745 0.000138 0.000000 0.079111 0.079249 -1 2
1715008746 0.000113 0.000000 0.352542 0.352655 -1 2
1715008747 0.000138 0.000000 0.015467 0.015605 -1 2
1715008748 0.000134 0.000000 0.006085 0.006219 -1 2
1715008749 0.000129 0.000000 0.038638 0.038767 -1 2
1715008750 0.000129 0.000000 0.108405 0.108534 -1 2
1715008751 0.000129 0.000000 0.004542 0.004671 -1 2
