1715076750 0.076489 0.000000 0.165637 0.242126 -1 1
1715076751 0.103358 0.000000 0.098938 0.202296 -1 1
1715076752 0.067444 0.000000 201.492201 201.559645 -1 1
1715076753 0.097645 0.000000 1.107011 1.204656 -1 1
1715076754 0.135384 0.000000 0.156907 0.292291 -1 1
1715076755 0.120176 0.000000 0.637385 0.757561 -1 1
1715076756 0.131901 0.000000 0.015803 0.147704 -1 1
1715076757 0.136844 0.000000 0.017529 0.154373 -1 1
1715076758 0.119706 0.000000 0.063065 0.182771 -1 1
1715076759 0.108363 0.000000 0.377352 0.485715 -1 1
1715076760 0.097106 0.000000 0.035666 0.132772 -1 1
1715076761 0.103450 0.000000 0.485129 0.588579 -1 1
1715076762 0.102087 0.000000 0.171419 0.273506 -1 1
1715076763 0.096972 0.000000 0.009855 0.106827 -1 1
1715076764 0.101047 0.000000 0.267858 0.368905 -1 1
1715076765 0.133042 0.000000 0.001023 0.134065 -1 1
1715076766 0.099710 0.000000 0.020900 0.120610 -1 1
1715076767 0.073605 0.000000 1.803668 1.877273 -1 1
1715076768 0.118230 0.000000 0.002849 0.121079 -1 1
1715076769 0.096515 0.000000 0.009969 0.106484 -1 1
1715076770 0.097182 0.000000 0.003503 0.100685 -1 1
1715076771 0.092829 0.000000 0.073731 0.166560 -1 1
1715076772 0.096485 0.000000 0.078926 0.175411 -1 1
1715076773 0.110505 0.000000 0.023101 0.133606 -1 1
1715076774 0.082620 0.000000 0.030244 0.112864 -1 1
1715076775 0.103463 0.000000 9.366761 9.470224 -1 1
1715076776 0.092490 0.000000 0.017502 0.109992 -1 1
1715076777 0.070292 0.000000 8.529174 8.599466 -1 1
1715076778 0.083597 0.000000 0.091454 0.175051 -1 1
1715076779 0.121130 0.000000 0.033660 0.154790 -1 1
1715076780 0.089345 0.000000 0.028590 0.117935 -1 1
1715076781 0.103977 0.000000 0.081670 0.185647 -1 1
1715076782 0.078125 0.000000 0.177834 0.255959 -1 1
1715076783 0.114589 0.000000 0.056990 0.171579 -1 1
1715076784 0.095955 0.000000 0.051478 0.147433 -1 1
1715076785 0.111024 0.000000 0.126234 0.237258 -1 1
1715076786 0.119127 0.000000 0.191416 0.310543 -1 1
1715076787 0.133452 0.000000 0.002163 0.135615 -1 1
1715076788 0.127216 0.000000 0.007489 0.134705 -1 1
1715076789 0.079243 0.000000 8.067439 8.146682 -1 1
1715076790 0.120416 0.000000 0.007492 0.127908 -1 1
1715076791 0.101234 0.000000 9.870802 9.972036 -1 1
1715076792 0.119538 0.000000 0.064802 0.184340 -1 1
1715076793 0.121271 0.000000 0.029991 0.151262 -1 1
1715076794 0.109056 0.000000 0.011712 0.120768 -1 1
1715076795 0.086666 0.000000 261.990516 262.077182 -1 1
1715076796 0.084119 0.000000 0.069921 0.154040 -1 1
1715076797 0.080520 0.000000 2.178773 2.259293 -1 1
1715076798 0.114052 0.000000 0.024321 0.138373 -1 1
1715076799 0.100629 0.000000 0.028046 0.128675 -1 1
1715076800 0.111793 0.000000 0.065546 0.177339 -1 1
1715076801 0.100376 0.000000 0.391738 0.492114 -1 1
1715076802 0.099693 0.000000 0.053677 0.153370 -1 1
1715076803 0.099056 0.000000 0.215496 0.314552 -1 1
1715076804 0.071118 0.000000 7.452139 7.523257 -1 1
1715076805 0.104203 0.000000 0.009435 0.113638 -1 1
1715076806 0.109513 0.000000 0.194790 0.304303 -1 1
1715076807 0.078930 0.000000 0.077211 0.156141 -1 1
1715076808 0.100782 0.000000 1.886225 1.987007 -1 1
1715076809 0.115856 0.000000 0.026642 0.142498 -1 1
1715076810 0.099514 0.000000 2.190478 2.289992 -1 1
1715076811 0.128041 0.000000 0.018250 0.146291 -1 1
1715076812 0.082233 0.000000 0.905849 0.988082 -1 1
1715076813 0.123392 0.000000 0.014414 0.137806 -1 1
1715076814 0.113538 0.000000 0.508742 0.622280 -1 1
1715076815 0.139799 0.000000 0.004436 0.144235 -1 1
1715076816 0.120207 0.000000 0.049655 0.169862 -1 1
1715076817 0.101212 0.000000 1.289292 1.390504 -1 1
1715076818 0.100007 0.000000 0.075561 0.175568 -1 1
1715076819 0.098749 0.000000 0.123270 0.222019 -1 1
1715076820 0.108095 0.000000 0.006195 0.114290 -1 1
1715076821 0.110110 0.000000 0.105093 0.215203 -1 1
1715076822 0.105668 0.000000 0.262195 0.367863 -1 1
1715076823 0.116654 0.000000 0.054788 0.171442 -1 1
1715076824 0.104716 0.000000 0.144838 0.249554 -1 1
1715076825 0.103689 0.000000 0.195998 0.299687 -1 1
1715076826 0.090389 0.000000 0.118427 0.208816 -1 1
1715076827 0.108845 0.000000 0.207510 0.316355 -1 1
1715076828 0.072832 0.000000 11.784532 11.857364 -1 1
1715076829 0.093684 0.000000 0.492876 0.586560 -1 1
1715076830 0.092093 0.000000 0.064697 0.156790 -1 1
1715076831 0.140106 0.000000 0.047901 0.188007 -1 1
1715076832 0.095699 0.000000 1.155073 1.250772 -1 1
1715076833 0.119601 0.000000 0.011279 0.130880 -1 1
1715076834 0.084012 0.000000 0.264699 0.348711 -1 1
1715076835 0.126087 0.000000 0.017153 0.143240 -1 1
1715076836 0.089024 0.000000 0.025126 0.114150 -1 1
1715076837 0.110126 0.000000 0.015334 0.125460 -1 1
1715076838 0.117340 0.000000 0.007060 0.124400 -1 1
1715076839 0.105154 0.000000 0.105561 0.210715 -1 1
1715076840 0.118671 0.000000 0.137879 0.256550 -1 1
1715076841 0.081775 0.000000 0.569581 0.651356 -1 1
1715076842 0.118195 0.000000 0.003256 0.121451 -1 1
1715076843 0.084113 0.000000 0.068402 0.152515 -1 1
1715076844 0.111693 0.000000 0.009674 0.121367 -1 1
1715076845 0.085531 0.000000 0.178990 0.264521 -1 1
1715076846 0.156929 0.000000 0.002786 0.159715 -1 1
1715076847 0.099398 0.000000 0.018406 0.117804 -1 1
1715076848 0.098401 0.000000 0.696046 0.794447 -1 1
1715076849 0.126089 0.000000 0.007829 0.133918 -1 1
