1715076294 0.066098 0.000000 0.012044 0.078142 -1 1
1715076295 0.064163 0.000000 0.009082 0.073245 -1 1
1715076296 0.051084 0.000000 0.212318 0.263402 -1 1
1715076297 0.065498 0.000000 0.028086 0.093584 -1 1
1715076298 0.055935 0.000000 0.114433 0.170368 -1 1
1715076299 0.057163 0.000000 0.021508 0.078671 -1 1
1715076300 0.041312 0.000000 0.092025 0.133337 -1 1
1715076301 0.050743 0.000000 0.093065 0.143808 -1 1
1715076302 0.082308 0.000000 0.001248 0.083556 -1 1
1715076303 0.071839 0.000000 0.004137 0.075976 -1 1
1715076304 0.059417 0.000000 0.004959 0.064376 -1 1
1715076305 0.077780 0.000000 0.020061 0.097841 -1 1
1715076306 0.058471 0.000000 0.002028 0.060499 -1 1
1715076307 0.054674 0.000000 0.006994 0.061668 -1 1
1715076308 0.058412 0.000000 0.017086 0.075498 -1 1
1715076309 0.066485 0.000000 0.002576 0.069061 -1 1
1715076310 0.065111 0.000000 0.008456 0.073567 -1 1
1715076311 0.053258 0.000000 0.190227 0.243485 -1 1
1715076312 0.052740 0.000000 0.272036 0.324776 -1 1
1715076313 0.068732 0.000000 0.002009 0.070741 -1 1
1715076314 0.042151 0.000000 0.105112 0.147263 -1 1
1715076315 0.064718 0.000000 0.002530 0.067248 -1 1
1715076316 0.045321 0.000000 0.076032 0.121353 -1 1
1715076317 0.051512 0.000000 0.006050 0.057562 -1 1
1715076318 0.057048 0.000000 0.037861 0.094909 -1 1
1715076319 0.054883 0.000000 0.072608 0.127491 -1 1
1715076320 0.057288 0.000000 0.001227 0.058515 -1 1
1715076321 0.053788 0.000000 0.017390 0.071178 -1 1
1715076322 0.044186 0.000000 0.309616 0.353802 -1 1
1715076323 0.058229 0.000000 0.005157 0.063386 -1 1
1715076324 0.061412 0.000000 0.029554 0.090966 -1 1
1715076325 0.063590 0.000000 0.105981 0.169571 -1 1
1715076326 0.052426 0.000000 0.080960 0.133386 -1 1
1715076327 0.054446 0.000000 0.986179 1.040625 -1 1
1715076328 0.063690 0.000000 0.037721 0.101411 -1 1
1715076329 0.042361 0.000000 0.995635 1.037996 -1 1
1715076330 0.055394 0.000000 0.011079 0.066473 -1 1
1715076331 0.061544 0.000000 0.021162 0.082706 -1 1
1715076332 0.070466 0.000000 0.007149 0.077615 -1 1
1715076333 0.047398 0.000000 0.028036 0.075434 -1 1
1715076334 0.048175 0.000000 1.801993 1.850168 -1 1
1715076335 0.047583 0.000000 0.027417 0.075000 -1 1
1715076336 0.076212 0.000000 0.023831 0.100043 -1 1
1715076337 0.056144 0.000000 0.028447 0.084591 -1 1
1715076338 0.059272 0.000000 0.082886 0.142158 -1 1
1715076339 0.057192 0.000000 0.023020 0.080212 -1 1
1715076340 0.061709 0.000000 0.080707 0.142416 -1 1
1715076341 0.057879 0.000000 0.003248 0.061127 -1 1
1715076342 0.064707 0.000000 0.002569 0.067276 -1 1
1715076343 0.052994 0.000000 0.001708 0.054702 -1 1
1715076344 0.067261 0.000000 0.004252 0.071513 -1 1
1715076345 0.059064 0.000000 0.014007 0.073071 -1 1
1715076346 0.055546 0.000000 0.080817 0.136363 -1 1
1715076347 0.059646 0.000000 0.030075 0.089721 -1 1
1715076348 0.066346 0.000000 0.009206 0.075552 -1 1
1715076349 0.068561 0.000000 0.002099 0.070660 -1 1
1715076350 0.078497 0.000000 0.003156 0.081653 -1 1
1715076351 0.053204 0.000000 2.781905 2.835109 -1 1
1715076352 0.070180 0.000000 0.006604 0.076784 -1 1
1715076353 0.057815 0.000000 0.012062 0.069877 -1 1
1715076354 0.053873 0.000000 4.206210 4.260083 -1 1
1715076355 0.075555 0.000000 0.002620 0.078175 -1 1
1715076356 0.051934 0.000000 0.023686 0.075620 -1 1
1715076357 0.067736 0.000000 0.001122 0.068858 -1 1
1715076358 0.060444 0.000000 0.004548 0.064992 -1 1
1715076359 0.067354 0.000000 0.004439 0.071793 -1 1
1715076360 0.059722 0.000000 0.002043 0.061765 -1 1
1715076361 0.047499 0.000000 0.338981 0.386480 -1 1
1715076362 0.060287 0.000000 0.061764 0.122051 -1 1
1715076363 0.046645 0.000000 0.659187 0.705832 -1 1
1715076364 0.052686 0.000000 0.031484 0.084170 -1 1
1715076365 0.060834 0.000000 0.003820 0.064654 -1 1
1715076366 0.088339 0.000000 0.038089 0.126428 -1 1
1715076367 0.063470 0.000000 0.013996 0.077466 -1 1
1715076368 0.062898 0.000000 0.155228 0.218126 -1 1
1715076369 0.056776 0.000000 0.016158 0.072934 -1 1
1715076370 0.069032 0.000000 0.006650 0.075682 -1 1
1715076371 0.051300 0.000000 0.078051 0.129351 -1 1
1715076372 0.089877 0.000000 0.002338 0.092215 -1 1
1715076373 0.060093 0.000000 0.006285 0.066378 -1 1
1715076374 0.057485 0.000000 0.042236 0.099721 -1 1
1715076375 0.060295 0.000000 0.150980 0.211275 -1 1
1715076376 0.066914 0.000000 0.051242 0.118156 -1 1
1715076377 0.056555 0.000000 0.013206 0.069761 -1 1
1715076378 0.057379 0.000000 0.008115 0.065494 -1 1
1715076379 0.064890 0.000000 0.023541 0.088431 -1 1
1715076380 0.064103 0.000000 0.084058 0.148161 -1 1
1715076381 0.052679 0.000000 0.027552 0.080231 -1 1
1715076382 0.051394 0.000000 0.030467 0.081861 -1 1
1715076383 0.041718 0.000000 6.518748 6.560466 -1 1
1715076384 0.045049 0.000000 1.718598 1.763647 -1 1
1715076385 0.054548 0.000000 0.065822 0.120370 -1 1
1715076386 0.049906 0.000000 0.101618 0.151524 -1 1
1715076387 0.059052 0.000000 0.268893 0.327945 -1 1
1715076388 0.065904 0.000000 0.099893 0.165797 -1 1
1715076389 0.082949 0.000000 0.000893 0.083842 -1 1
1715076390 0.080289 0.000000 0.000990 0.081279 -1 1
1715076391 0.056095 0.000000 0.375662 0.431757 -1 1
1715076392 0.089513 0.000000 0.003297 0.092810 -1 1
1715076393 0.060206 0.000000 0.432412 0.492618 -1 1
