1715008913 0.000317 0.000000 0.025342 0.025659 -1 2
1715008914 0.000168 0.000000 0.092491 0.092659 -1 2
1715008915 0.000167 0.000000 0.570001 0.570168 -1 2
1715008916 0.000206 0.000000 0.010361 0.010567 -1 2
1715008917 0.000185 0.000000 0.112115 0.112300 -1 2
1715008918 0.000180 0.000000 0.154062 0.154242 -1 2
1715008919 0.000180 0.000000 2.367884 2.368064 -1 2
1715008920 0.000149 0.000000 0.007479 0.007628 -1 2
1715008921 0.000144 0.000000 0.446460 0.446604 -1 2
1715008922 0.000136 0.000000 0.053721 0.053857 -1 2
1715008923 0.000190 0.000000 0.035515 0.035705 -1 2
1715008924 0.000158 0.000000 0.151263 0.151421 -1 2
1715008925 0.000151 0.000000 0.007190 0.007341 -1 2
1715008926 0.000139 0.000000 0.005262 0.005401 -1 2
1715008927 0.000139 0.000000 0.038918 0.039057 -1 2
1715008928 0.000162 0.000000 0.049004 0.049166 -1 2
1715008929 0.000201 0.000000 0.037337 0.037538 -1 2
1715008930 0.000159 0.000000 0.027658 0.027817 -1 2
1715008931 0.000167 0.000000 0.212057 0.212224 -1 2
1715008932 0.000156 0.000000 0.249620 0.249776 -1 2
1715008933 0.000201 0.000000 0.068242 0.068443 -1 2
1715008934 0.000169 0.000000 0.017810 0.017979 -1 2
1715008935 0.000157 0.000000 0.024353 0.024510 -1 2
1715008936 0.000179 0.000000 0.014633 0.014812 -1 2
1715008937 0.000145 0.000000 0.061009 0.061154 -1 2
1715008938 0.000168 0.000000 0.005764 0.005932 -1 2
1715008939 0.000157 0.000000 0.060559 0.060716 -1 2
1715008940 0.000183 0.000000 0.078948 0.079131 -1 2
1715008941 0.000165 0.000000 0.005158 0.005323 -1 2
1715008942 0.000155 0.000000 0.020964 0.021119 -1 2
1715008943 0.000182 0.000000 0.015939 0.016121 -1 2
1715008944 0.000155 0.000000 0.046401 0.046556 -1 2
1715008945 0.000160 0.000000 0.072905 0.073065 -1 2
1715008946 0.000201 0.000000 0.026843 0.027044 -1 2
1715008947 0.000171 0.000000 0.020581 0.020752 -1 2
1715008948 0.000182 0.000000 0.009434 0.009616 -1 2
1715008949 0.000149 0.000000 0.180688 0.180837 -1 2
1715008950 0.000158 0.000000 0.053567 0.053725 -1 2
1715008951 0.000182 0.000000 0.025273 0.025455 -1 2
1715008952 0.000147 0.000000 0.020270 0.020417 -1 2
1715008953 0.000162 0.000000 0.047334 0.047496 -1 2
1715008954 0.000191 0.000000 0.031280 0.031471 -1 2
1715008955 0.000161 0.000000 0.046041 0.046202 -1 2
1715008956 0.000158 0.000000 0.663959 0.664117 -1 2
1715008957 0.000135 0.000000 4.784349 4.784484 -1 2
1715008958 0.000148 0.000000 0.183979 0.184127 -1 2
1715008959 0.000143 0.000000 0.136669 0.136812 -1 2
1715008960 0.000138 0.000000 0.030887 0.031025 -1 2
1715008961 0.000126 0.000000 4.752366 4.752492 -1 2
1715008962 0.000149 0.000000 0.014006 0.014155 -1 2
1715008963 0.000134 0.000000 0.059825 0.059959 -1 2
1715008964 0.000140 0.000000 0.211635 0.211775 -1 2
1715008965 0.000169 0.000000 0.006188 0.006357 -1 2
1715008966 0.000155 0.000000 0.057652 0.057807 -1 2
1715008967 0.000175 0.000000 0.036994 0.037169 -1 2
1715008968 0.000171 0.000000 0.005022 0.005193 -1 2
1715008969 0.000163 0.000000 0.043720 0.043883 -1 2
1715008970 0.000163 0.000000 0.884288 0.884451 -1 2
1715008971 0.000176 0.000000 0.268456 0.268632 -1 2
1715008972 0.000159 0.000000 0.390911 0.391070 -1 2
1715008973 0.000174 0.000000 0.012698 0.012872 -1 2
1715008974 0.000161 0.000000 0.026189 0.026350 -1 2
1715008975 0.000161 0.000000 0.313827 0.313988 -1 2
1715008976 0.000182 0.000000 0.008906 0.009088 -1 2
1715008977 0.000148 0.000000 0.518398 0.518546 -1 2
1715008978 0.000162 0.000000 0.026480 0.026642 -1 2
1715008979 0.000163 0.000000 0.004266 0.004429 -1 2
1715008980 0.000164 0.000000 0.146014 0.146178 -1 2
1715008981 0.000171 0.000000 0.026745 0.026916 -1 2
1715008982 0.000151 0.000000 3.683873 3.684024 -1 2
1715008983 0.000162 0.000000 0.067348 0.067510 -1 2
1715008984 0.000141 0.000000 0.116874 0.117015 -1 2
1715008985 0.000131 0.000000 0.138671 0.138802 -1 2
1715008986 0.000150 0.000000 0.018086 0.018236 -1 2
1715008987 0.000138 0.000000 0.055241 0.055379 -1 2
1715008988 0.000138 0.000000 0.027843 0.027981 -1 2
1715008989 0.000141 0.000000 0.008409 0.008550 -1 2
1715008990 0.000134 0.000000 0.296220 0.296354 -1 2
1715008991 0.000157 0.000000 0.005519 0.005676 -1 2
1715008992 0.000142 0.000000 0.037276 0.037418 -1 2
1715008993 0.000137 0.000000 23.202567 23.202704 -1 2
1715008994 0.000152 0.000000 0.016407 0.016559 -1 2
1715008995 0.000151 0.000000 0.024422 0.024573 -1 2
1715008996 0.000140 0.000000 0.086403 0.086543 -1 2
1715008997 0.000148 0.000000 0.017953 0.018101 -1 2
1715008998 0.000141 0.000000 0.628231 0.628372 -1 2
1715008999 0.000146 0.000000 0.087868 0.088014 -1 2
1715009000 0.000142 0.000000 0.093417 0.093559 -1 2
1715009001 0.000143 0.000000 0.335680 0.335823 -1 2
1715009002 0.000144 0.000000 0.015308 0.015452 -1 2
1715009003 0.000145 0.000000 0.832724 0.832869 -1 2
1715009004 0.000162 0.000000 0.010621 0.010783 -1 2
1715009005 0.000164 0.000000 0.014841 0.015005 -1 2
1715009006 0.000151 0.000000 1.503459 1.503610 -1 2
1715009007 0.000157 0.000000 0.022695 0.022852 -1 2
1715009008 0.000130 0.000000 0.447129 0.447259 -1 2
1715009009 0.000150 0.000000 0.337866 0.338016 -1 2
1715009010 0.000139 0.000000 0.174254 0.174393 -1 2
1715009011 0.000148 0.000000 0.112377 0.112525 -1 2
1715009012 0.000145 0.000000 0.225541 0.225686 -1 2
1715009013 0.000136 0.000000 0.050156 0.050292 -1 2
1715009014 0.000136 0.000000 0.016776 0.016912 -1 2
1715009015 0.000135 0.000000 0.205808 0.205943 -1 2
1715009016 0.000147 0.000000 0.030610 0.030757 -1 2
1715009017 0.000140 0.000000 0.044122 0.044262 -1 2
1715009018 0.000149 0.000000 0.066578 0.066727 -1 2
1715009019 0.000154 0.000000 0.055564 0.055718 -1 2
1715009020 0.000168 0.000000 0.149213 0.149381 -1 2
1715009021 0.000170 0.000000 0.022973 0.023143 -1 2
1715009022 0.000164 0.000000 0.006995 0.007159 -1 2
1715009023 0.000171 0.000000 0.115750 0.115921 -1 2
1715009024 0.000173 0.000000 0.568744 0.568917 -1 2
1715009025 0.000172 0.000000 0.100651 0.100823 -1 2
1715009026 0.000164 0.000000 0.291703 0.291867 -1 2
1715009027 0.000183 0.000000 0.011981 0.012164 -1 2
1715009028 0.000148 0.000000 0.041842 0.041990 -1 2
1715009029 0.000157 0.000000 0.776812 0.776969 -1 2
1715009030 0.000162 0.000000 0.422047 0.422209 -1 2
1715009031 0.000149 0.000000 0.065630 0.065779 -1 2
1715009032 0.000151 0.000000 0.014712 0.014863 -1 2
1715009033 0.000149 0.000000 0.006652 0.006801 -1 2
1715009034 0.000141 0.000000 1.885497 1.885638 -1 2
1715009035 0.000152 0.000000 0.034280 0.034432 -1 2
1715009036 0.000145 0.000000 1.147090 1.147235 -1 2
1715009037 0.000142 0.000000 0.128170 0.128312 -1 2
1715009038 0.000150 0.000000 0.310814 0.310964 -1 2
1715009039 0.000156 0.000000 0.007839 0.007995 -1 2
1715009040 0.000141 0.000000 0.059485 0.059626 -1 2
1715009041 0.000137 0.000000 0.055393 0.055530 -1 2
1715009042 0.000133 0.000000 0.219036 0.219169 -1 2
1715009043 0.000129 0.000000 1.611780 1.611909 -1 2
1715009044 0.000139 0.000000 5.422292 5.422431 -1 2
1715009045 0.000142 0.000000 0.057185 0.057327 -1 2
1715009046 0.000149 0.000000 0.013790 0.013939 -1 2
1715009047 0.000148 0.000000 0.063211 0.063359 -1 2
1715009048 0.000135 0.000000 0.298171 0.298306 -1 2
1715009049 0.000147 0.000000 2.926900 2.927047 -1 2
1715009050 0.000151 0.000000 0.038972 0.039123 -1 2
1715009051 0.000143 0.000000 0.115638 0.115781 -1 2
1715009052 0.000153 0.000000 0.024112 0.024265 -1 2
1715009053 0.000149 0.000000 0.979864 0.980013 -1 2
1715009054 0.000136 0.000000 0.199348 0.199484 -1 2
1715009055 0.000163 0.000000 0.109739 0.109902 -1 2
1715009056 0.000185 0.000000 0.045223 0.045408 -1 2
1715009057 0.000179 0.000000 0.010290 0.010469 -1 2
1715009058 0.000168 0.000000 0.060934 0.061102 -1 2
1715009059 0.000182 0.000000 0.046014 0.046196 -1 2
1715009060 0.000169 0.000000 0.024578 0.024747 -1 2
1715009061 0.000156 0.000000 0.051865 0.052021 -1 2
1715009062 0.000169 0.000000 0.229009 0.229178 -1 2
1715009063 0.000178 0.000000 0.091613 0.091791 -1 2
1715009064 0.000157 0.000000 0.314232 0.314389 -1 2
1715009065 0.000162 0.000000 0.029759 0.029921 -1 2
1715009066 0.000146 0.000000 16.614326 16.614472 -1 2
1715009067 0.000143 0.000000 0.016560 0.016703 -1 2
1715009068 0.000139 0.000000 3.661994 3.662133 -1 2
1715009069 0.000137 0.000000 1.475073 1.475210 -1 2
1715009070 0.000153 0.000000 0.009988 0.010141 -1 2
1715009071 0.000187 0.000000 0.025467 0.025654 -1 2
1715009072 0.000160 0.000000 0.018486 0.018646 -1 2
1715009073 0.000162 0.000000 0.102820 0.102982 -1 2
1715009074 0.000179 0.000000 0.784262 0.784441 -1 2
1715009075 0.000188 0.000000 0.044281 0.044469 -1 2
1715009076 0.000179 0.000000 0.051264 0.051443 -1 2
1715009077 0.000193 0.000000 0.144402 0.144595 -1 2
1715009078 0.000175 0.000000 0.021715 0.021890 -1 2
1715009079 0.000168 0.000000 0.015785 0.015953 -1 2
1715009080 0.000152 0.000000 0.034181 0.034333 -1 2
1715009081 0.000152 0.000000 0.008742 0.008894 -1 2
1715009082 0.000150 0.000000 5.574711 5.574861 -1 2
1715009083 0.000156 0.000000 0.024919 0.025075 -1 2
1715009084 0.000146 0.000000 0.291946 0.292092 -1 2
1715009085 0.000153 0.000000 0.025501 0.025654 -1 2
1715009086 0.000143 0.000000 0.957315 0.957458 -1 2
1715009087 0.000156 0.000000 0.054980 0.055136 -1 2
1715009088 0.000146 0.000000 0.084553 0.084699 -1 2
1715009089 0.000142 0.000000 0.564856 0.564998 -1 2
1715009090 0.000149 0.000000 0.089850 0.089999 -1 2
1715009091 0.000149 0.000000 0.027582 0.027731 -1 2
1715009092 0.000148 0.000000 0.230978 0.231126 -1 2
1715009093 0.000147 0.000000 0.041992 0.042139 -1 2
1715009094 0.000145 0.000000 0.006503 0.006648 -1 2
1715009095 0.000163 0.000000 0.015306 0.015469 -1 2
1715009096 0.000139 0.000000 1.654928 1.655067 -1 2
1715009097 0.000169 0.000000 0.013378 0.013547 -1 2
1715009098 0.000146 0.000000 0.066743 0.066889 -1 2
1715009099 0.000147 0.000000 0.014885 0.015032 -1 2
1715009100 0.000143 0.000000 0.042565 0.042708 -1 2
1715009101 0.000162 0.000000 0.181469 0.181631 -1 2
1715009102 0.000183 0.000000 0.003912 0.004095 -1 2
1715009103 0.000154 0.000000 0.440650 0.440804 -1 2
1715009104 0.000173 0.000000 0.111011 0.111184 -1 2
1715009105 0.000153 0.000000 0.028028 0.028181 -1 2
1715009106 0.000146 0.000000 0.529805 0.529951 -1 2
1715009107 0.000149 0.000000 0.013792 0.013941 -1 2
1715009108 0.000142 0.000000 0.101636 0.101778 -1 2
1715009109 0.000147 0.000000 3.669821 3.669968 -1 2
1715009110 0.000150 0.000000 0.020947 0.021097 -1 2
1715009111 0.000142 0.000000 0.286744 0.286886 -1 2
1715009112 0.000155 0.000000 0.017035 0.017190 -1 2
1715009113 0.000163 0.000000 2.413503 2.413666 -1 2
1715009114 0.000174 0.000000 0.053668 0.053842 -1 2
1715009115 0.000190 0.000000 0.037511 0.037701 -1 2
1715009116 0.000179 0.000000 0.006561 0.006740 -1 2
1715009117 0.000143 0.000000 0.190454 0.190597 -1 2
1715009118 0.000177 0.000000 0.058457 0.058634 -1 2
1715009119 0.000164 0.000000 0.034583 0.034747 -1 2
1715009120 0.000175 0.000000 0.010109 0.010284 -1 2
1715009121 0.000151 0.000000 0.016571 0.016722 -1 2
1715009122 0.000150 0.000000 83.082512 83.082662 -1 2
1715009123 0.000151 0.000000 0.011704 0.011855 -1 2
1715009124 0.000153 0.000000 0.022688 0.022841 -1 2
1715009125 0.000148 0.000000 0.055986 0.056134 -1 2
1715009126 0.000148 0.000000 0.030391 0.030539 -1 2
1715009127 0.000147 0.000000 0.022474 0.022621 -1 2
1715009128 0.000154 0.000000 0.023592 0.023746 -1 2
1715009129 0.000151 0.000000 0.034231 0.034382 -1 2
1715009130 0.000148 0.000000 0.017030 0.017178 -1 2
1715009131 0.000154 0.000000 0.094817 0.094971 -1 2
1715009132 0.000179 0.000000 0.011541 0.011720 -1 2
1715009133 0.000164 0.000000 0.066744 0.066908 -1 2
1715009134 0.000180 0.000000 0.048366 0.048546 -1 2
1715009135 0.000152 0.000000 0.060130 0.060282 -1 2
1715009136 0.000177 0.000000 0.022709 0.022886 -1 2
1715009137 0.000164 0.000000 0.077815 0.077979 -1 2
1715009138 0.000162 0.000000 0.021559 0.021721 -1 2
1715009139 0.000154 0.000000 0.165129 0.165283 -1 2
1715009140 0.000179 0.000000 0.060761 0.060940 -1 2
1715009141 0.000167 0.000000 0.036947 0.037114 -1 2
1715009142 0.000156 0.000000 1.219606 1.219762 -1 2
1715009143 0.000166 0.000000 0.012151 0.012317 -1 2
1715009144 0.000157 0.000000 0.027344 0.027501 -1 2
1715009145 0.000146 0.000000 0.155486 0.155632 -1 2
1715009146 0.000175 0.000000 0.025928 0.026103 -1 2
1715009147 0.000174 0.000000 0.058731 0.058905 -1 2
1715009148 0.000158 0.000000 0.043255 0.043413 -1 2
1715009149 0.000174 0.000000 0.270300 0.270474 -1 2
1715009150 0.000155 0.000000 1.556422 1.556577 -1 2
1715009151 0.000174 0.000000 0.044478 0.044652 -1 2
1715009152 0.000143 0.000000 0.101340 0.101483 -1 2
1715009153 0.000148 0.000000 0.059241 0.059389 -1 2
1715009154 0.000151 0.000000 0.013346 0.013497 -1 2
1715009155 0.000144 0.000000 0.168717 0.168861 -1 2
1715009156 0.000146 0.000000 0.240700 0.240846 -1 2
1715009157 0.000145 0.000000 0.902527 0.902672 -1 2
1715009158 0.000141 0.000000 0.133158 0.133299 -1 2
1715009159 0.000137 0.000000 0.117789 0.117926 -1 2
1715009160 0.000147 0.000000 0.267055 0.267202 -1 2
1715009161 0.000147 0.000000 0.031113 0.031260 -1 2
1715009162 0.000140 0.000000 1.071174 1.071314 -1 2
1715009163 0.000146 0.000000 0.018188 0.018334 -1 2
1715009164 0.000142 0.000000 0.180062 0.180204 -1 2
1715009165 0.000151 0.000000 0.070138 0.070289 -1 2
1715009166 0.000150 0.000000 0.017126 0.017276 -1 2
1715009167 0.000148 0.000000 0.051974 0.052122 -1 2
1715009168 0.000151 0.000000 0.244988 0.245139 -1 2
1715009169 0.000154 0.000000 0.008337 0.008491 -1 2
1715009170 0.000142 0.000000 0.131352 0.131494 -1 2
1715009171 0.000145 0.000000 0.011879 0.012024 -1 2
1715009172 0.000159 0.000000 0.017953 0.018112 -1 2
1715009173 0.000153 0.000000 0.262210 0.262363 -1 2
1715009174 0.000160 0.000000 0.058945 0.059105 -1 2
1715009175 0.000149 0.000000 0.181598 0.181747 -1 2
1715009176 0.000155 0.000000 0.164287 0.164442 -1 2
1715009177 0.000137 0.000000 7.315926 7.316063 -1 2
1715009178 0.000152 0.000000 0.153997 0.154149 -1 2
1715009179 0.000144 0.000000 1.605815 1.605959 -1 2
1715009180 0.000145 0.000000 0.015905 0.016050 -1 2
1715009181 0.000140 0.000000 0.269320 0.269460 -1 2
1715009182 0.000146 0.000000 0.047283 0.047429 -1 2
1715009183 0.000149 0.000000 0.003870 0.004019 -1 2
1715009184 0.000137 0.000000 0.369563 0.369700 -1 2
1715009185 0.000146 0.000000 1.918262 1.918408 -1 2
1715009186 0.000158 0.000000 0.020148 0.020306 -1 2
1715009187 0.000149 0.000000 0.491091 0.491240 -1 2
1715009188 0.000176 0.000000 0.039222 0.039398 -1 2
1715009189 0.000169 0.000000 0.167391 0.167560 -1 2
1715009190 0.000151 0.000000 0.039124 0.039275 -1 2
1715009191 0.000148 0.000000 0.309474 0.309622 -1 2
1715009192 0.000146 0.000000 0.148897 0.149043 -1 2
1715009193 0.000148 0.000000 0.084601 0.084749 -1 2
1715009194 0.000144 0.000000 0.393200 0.393344 -1 2
1715009195 0.000149 0.000000 0.158428 0.158577 -1 2
1715009196 0.000187 0.000000 0.004745 0.004932 -1 2
1715009197 0.000147 0.000000 0.025769 0.025916 -1 2
1715009198 0.000165 0.000000 0.008773 0.008938 -1 2
1715009199 0.000152 0.000000 0.405752 0.405904 -1 2
1715009200 0.000159 0.000000 0.051206 0.051365 -1 2
1715009201 0.000167 0.000000 0.026597 0.026764 -1 2
1715009202 0.000141 0.000000 11.727862 11.728003 -1 2
1715009203 0.000162 0.000000 0.045455 0.045617 -1 2
1715009204 0.000144 0.000000 0.145058 0.145202 -1 2
1715009205 0.000148 0.000000 0.031618 0.031766 -1 2
1715009206 0.000147 0.000000 0.428279 0.428426 -1 2
1715009207 0.000145 0.000000 0.016248 0.016393 -1 2
1715009208 0.000133 0.000000 0.075639 0.075772 -1 2
1715009209 0.000142 0.000000 0.181666 0.181808 -1 2
1715009210 0.000153 0.000000 0.083417 0.083570 -1 2
1715009211 0.000135 0.000000 3.098395 3.098530 -1 2
1715009212 0.000158 0.000000 0.014415 0.014573 -1 2
1715009213 0.000153 0.000000 0.017017 0.017170 -1 2
1715009214 0.000135 0.000000 1.099799 1.099934 -1 2
1715009215 0.000143 0.000000 0.029080 0.029223 -1 2
1715009216 0.000149 0.000000 0.020916 0.021065 -1 2
1715009217 0.000153 0.000000 0.005495 0.005648 -1 2
1715009218 0.000137 0.000000 0.701995 0.702132 -1 2
1715009219 0.000142 0.000000 0.540640 0.540782 -1 2
1715009220 0.000141 0.000000 0.034431 0.034572 -1 2
1715009221 0.000152 0.000000 0.259055 0.259207 -1 2
1715009222 0.000185 0.000000 0.092490 0.092675 -1 2
1715009223 0.000167 0.000000 0.087357 0.087524 -1 2
1715009224 0.000172 0.000000 0.016698 0.016870 -1 2
1715009225 0.000161 0.000000 0.034550 0.034711 -1 2
1715009226 0.000170 0.000000 0.157397 0.157567 -1 2
1715009227 0.000144 0.000000 0.024317 0.024461 -1 2
1715009228 0.000137 0.000000 0.151225 0.151362 -1 2
1715009229 0.000144 0.000000 0.185335 0.185479 -1 2
1715009230 0.000178 0.000000 0.030314 0.030492 -1 2
1715009231 0.000158 0.000000 0.588516 0.588674 -1 2
1715009232 0.000146 0.000000 0.011159 0.011305 -1 2
1715009233 0.000143 0.000000 0.077834 0.077977 -1 2
1715009234 0.000145 0.000000 0.058544 0.058689 -1 2
1715009235 0.000166 0.000000 0.253679 0.253845 -1 2
1715009236 0.000135 0.000000 1.892975 1.893110 -1 2
1715009237 0.000156 0.000000 0.009900 0.010056 -1 2
1715009238 0.000150 0.000000 0.013135 0.013285 -1 2
1715009239 0.000145 0.000000 0.017508 0.017653 -1 2
1715009240 0.000135 0.000000 0.125625 0.125760 -1 2
1715009241 0.000145 0.000000 0.101599 0.101744 -1 2
1715009242 0.000143 0.000000 0.018898 0.019041 -1 2
1715009243 0.000146 0.000000 0.212170 0.212316 -1 2
1715009244 0.000156 0.000000 0.047557 0.047713 -1 2
1715009245 0.000144 0.000000 0.118604 0.118748 -1 2
1715009246 0.000140 0.000000 0.009373 0.009513 -1 2
1715009247 0.000141 0.000000 1.714688 1.714829 -1 2
1715009248 0.000153 0.000000 0.339082 0.339235 -1 2
1715009249 0.000152 0.000000 0.074501 0.074653 -1 2
1715009250 0.000148 0.000000 0.012652 0.012800 -1 2
1715009251 0.000148 0.000000 0.236587 0.236735 -1 2
1715009252 0.000153 0.000000 0.224663 0.224816 -1 2
1715009253 0.000147 0.000000 0.320283 0.320430 -1 2
1715009254 0.000129 0.000000 3.662940 3.663069 -1 2
1715009255 0.000163 0.000000 0.025266 0.025429 -1 2
1715009256 0.000145 0.000000 0.310108 0.310253 -1 2
1715009257 0.000147 0.000000 0.011177 0.011324 -1 2
1715009258 0.000150 0.000000 0.009572 0.009722 -1 2
1715009259 0.000149 0.000000 0.007819 0.007968 -1 2
1715009260 0.000140 0.000000 0.009096 0.009236 -1 2
1715009261 0.000145 0.000000 0.030631 0.030776 -1 2
1715009262 0.000152 0.000000 0.387615 0.387767 -1 2
1715009263 0.000149 0.000000 0.165245 0.165394 -1 2
1715009264 0.000135 0.000000 0.401741 0.401876 -1 2
1715009265 0.000167 0.000000 0.009191 0.009358 -1 2
1715009266 0.000146 0.000000 0.335357 0.335503 -1 2
1715009267 0.000144 0.000000 0.951372 0.951516 -1 2
1715009268 0.000149 0.000000 0.094644 0.094793 -1 2
1715009269 0.000151 0.000000 0.070173 0.070324 -1 2
1715009270 0.000156 0.000000 0.058379 0.058535 -1 2
1715009271 0.000172 0.000000 0.227314 0.227486 -1 2
1715009272 0.000150 0.000000 0.044976 0.045126 -1 2
1715009273 0.000165 0.000000 0.009562 0.009727 -1 2
1715009274 0.000165 0.000000 0.025539 0.025704 -1 2
1715009275 0.000149 0.000000 0.005189 0.005338 -1 2
1715009276 0.000159 0.000000 0.011489 0.011648 -1 2
1715009277 0.000171 0.000000 0.032549 0.032720 -1 2
1715009278 0.000145 0.000000 0.046314 0.046459 -1 2
1715009279 0.000154 0.000000 0.050120 0.050274 -1 2
1715009280 0.000172 0.000000 0.014383 0.014555 -1 2
1715009281 0.000152 0.000000 0.112961 0.113113 -1 2
1715009282 0.000171 0.000000 0.421484 0.421655 -1 2
1715009283 0.000158 0.000000 0.007911 0.008069 -1 2
1715009284 0.000146 0.000000 0.070790 0.070936 -1 2
1715009285 0.000159 0.000000 0.008523 0.008682 -1 2
1715009286 0.000152 0.000000 0.026919 0.027071 -1 2
1715009287 0.000148 0.000000 0.014531 0.014679 -1 2
1715009288 0.000135 0.000000 0.083290 0.083425 -1 2
1715009289 0.000150 0.000000 0.183540 0.183690 -1 2
1715009290 0.000147 0.000000 1.531314 1.531461 -1 2
1715009291 0.000152 0.000000 0.204711 0.204863 -1 2
1715009292 0.000151 0.000000 0.029087 0.029238 -1 2
1715009293 0.000147 0.000000 0.075174 0.075321 -1 2
1715009294 0.000148 0.000000 0.281448 0.281596 -1 2
1715009295 0.000153 0.000000 0.021771 0.021924 -1 2
1715009296 0.000157 0.000000 0.016395 0.016552 -1 2
1715009297 0.000152 0.000000 0.020317 0.020469 -1 2
1715009298 0.000146 0.000000 0.006740 0.006886 -1 2
1715009299 0.000146 0.000000 0.032242 0.032388 -1 2
1715009300 0.000139 0.000000 18.979951 18.980090 -1 2
1715009301 0.000151 0.000000 0.319811 0.319962 -1 2
1715009302 0.000150 0.000000 0.088398 0.088548 -1 2
1715009303 0.000150 0.000000 0.227921 0.228071 -1 2
1715009304 0.000148 0.000000 0.021047 0.021195 -1 2
1715009305 0.000135 0.000000 0.101168 0.101303 -1 2
1715009306 0.000149 0.000000 2.686993 2.687142 -1 2
1715009307 0.000177 0.000000 0.006426 0.006603 -1 2
1715009308 0.000165 0.000000 0.169825 0.169990 -1 2
1715009309 0.000159 0.000000 0.027291 0.027450 -1 2
1715009310 0.000152 0.000000 1.939331 1.939483 -1 2
1715009311 0.000156 0.000000 0.010349 0.010505 -1 2
1715009312 0.000141 0.000000 0.050476 0.050617 -1 2
1715009313 0.000149 0.000000 0.018566 0.018715 -1 2
1715009314 0.000193 0.000000 0.037550 0.037743 -1 2
1715009315 0.000161 0.000000 0.136162 0.136323 -1 2
1715009316 0.000171 0.000000 0.004204 0.004375 -1 2
1715009317 0.000147 0.000000 0.029007 0.029154 -1 2
1715009318 0.000158 0.000000 0.117545 0.117703 -1 2
1715009319 0.000181 0.000000 0.042114 0.042295 -1 2
1715009320 0.000181 0.000000 0.070170 0.070351 -1 2
1715009321 0.000133 0.000000 0.619573 0.619706 -1 2
1715009322 0.000147 0.000000 0.081340 0.081487 -1 2
1715009323 0.000148 0.000000 9.147012 9.147160 -1 2
1715009324 0.000151 0.000000 0.035816 0.035967 -1 2
1715009325 0.000151 0.000000 0.038476 0.038627 -1 2
1715009326 0.000156 0.000000 0.007825 0.007981 -1 2
1715009327 0.000146 0.000000 0.132381 0.132527 -1 2
1715009328 0.000139 0.000000 0.187871 0.188010 -1 2
1715009329 0.000151 0.000000 0.011152 0.011303 -1 2
1715009330 0.000146 0.000000 0.323644 0.323790 -1 2
1715009331 0.000152 0.000000 0.072370 0.072522 -1 2
1715009332 0.000149 0.000000 0.037476 0.037625 -1 2
1715009333 0.000161 0.000000 0.029651 0.029812 -1 2
1715009334 0.000142 0.000000 0.788996 0.789138 -1 2
1715009335 0.000144 0.000000 0.483991 0.484135 -1 2
1715009336 0.000178 0.000000 0.027242 0.027420 -1 2
1715009337 0.000156 0.000000 0.162324 0.162480 -1 2
1715009338 0.000172 0.000000 0.425321 0.425493 -1 2
1715009339 0.000162 0.000000 2.692429 2.692591 -1 2
1715009340 0.000157 0.000000 0.101510 0.101667 -1 2
1715009341 0.000150 0.000000 0.380738 0.380888 -1 2
1715009342 0.000154 0.000000 0.019888 0.020042 -1 2
1715009343 0.000133 0.000000 1.320877 1.321010 -1 2
1715009344 0.000147 0.000000 0.848484 0.848631 -1 2
1715009345 0.000142 0.000000 3.220156 3.220298 -1 2
1715009346 0.000156 0.000000 0.154966 0.155122 -1 2
1715009347 0.000154 0.000000 0.049895 0.050049 -1 2
1715009348 0.000159 0.000000 0.146911 0.147070 -1 2
1715009349 0.000158 0.000000 0.165064 0.165222 -1 2
1715009350 0.000160 0.000000 0.006556 0.006716 -1 2
1715009351 0.000140 0.000000 0.068973 0.069113 -1 2
1715009352 0.000182 0.000000 0.243857 0.244039 -1 2
1715009353 0.000179 0.000000 0.005305 0.005484 -1 2
1715009354 0.000160 0.000000 0.009662 0.009822 -1 2
1715009355 0.000144 0.000000 0.182968 0.183112 -1 2
1715009356 0.000172 0.000000 0.018458 0.018630 -1 2
1715009357 0.000161 0.000000 0.065115 0.065276 -1 2
1715009358 0.000185 0.000000 0.215584 0.215769 -1 2
1715009359 0.000177 0.000000 0.024699 0.024876 -1 2
1715009360 0.000149 0.000000 0.019156 0.019305 -1 2
1715009361 0.000151 0.000000 0.048973 0.049124 -1 2
1715009362 0.000152 0.000000 0.267387 0.267539 -1 2
1715009363 0.000148 0.000000 0.306038 0.306186 -1 2
1715009364 0.000174 0.000000 0.022562 0.022736 -1 2
1715009365 0.000157 0.000000 0.008253 0.008410 -1 2
1715009366 0.000150 0.000000 0.425689 0.425839 -1 2
1715009367 0.000164 0.000000 1.516575 1.516739 -1 2
1715009368 0.000155 0.000000 0.275402 0.275557 -1 2
1715009369 0.000151 0.000000 0.020035 0.020186 -1 2
1715009370 0.000140 0.000000 0.031347 0.031487 -1 2
1715009371 0.000144 0.000000 0.666703 0.666847 -1 2
1715009372 0.000153 0.000000 0.008411 0.008564 -1 2
1715009373 0.000134 0.000000 0.231522 0.231656 -1 2
1715009374 0.000146 0.000000 0.832697 0.832843 -1 2
1715009375 0.000156 0.000000 0.012662 0.012818 -1 2
1715009376 0.000150 0.000000 0.038652 0.038802 -1 2
1715009377 0.000140 0.000000 0.036906 0.037046 -1 2
1715009378 0.000143 0.000000 0.158273 0.158416 -1 2
1715009379 0.000153 0.000000 0.099199 0.099352 -1 2
1715009380 0.000147 0.000000 0.038381 0.038528 -1 2
1715009381 0.000150 0.000000 0.490556 0.490706 -1 2
1715009382 0.000152 0.000000 0.026641 0.026793 -1 2
1715009383 0.000155 0.000000 0.141233 0.141388 -1 2
1715009384 0.000161 0.000000 0.007290 0.007451 -1 2
1715009385 0.000140 0.000000 0.280643 0.280783 -1 2
1715009386 0.000162 0.000000 0.007236 0.007398 -1 2
1715009387 0.000156 0.000000 0.012313 0.012469 -1 2
1715009388 0.000161 0.000000 0.003988 0.004149 -1 2
1715009389 0.000151 0.000000 0.014037 0.014188 -1 2
1715009390 0.000142 0.000000 0.231781 0.231923 -1 2
1715009391 0.000158 0.000000 0.043085 0.043243 -1 2
1715009392 0.000148 0.000000 0.246840 0.246988 -1 2
1715009393 0.000149 0.000000 0.032422 0.032571 -1 2
1715009394 0.000173 0.000000 0.010338 0.010511 -1 2
1715009395 0.000159 0.000000 0.005178 0.005337 -1 2
1715009396 0.000161 0.000000 0.007690 0.007851 -1 2
1715009397 0.000164 0.000000 0.008262 0.008426 -1 2
1715009398 0.000158 0.000000 0.046402 0.046560 -1 2
1715009399 0.000159 0.000000 0.026366 0.026525 -1 2
1715009400 0.000178 0.000000 0.032635 0.032813 -1 2
1715009401 0.000165 0.000000 0.201480 0.201645 -1 2
1715009402 0.000173 0.000000 0.028928 0.029101 -1 2
1715009403 0.000154 0.000000 0.021844 0.021998 -1 2
1715009404 0.000147 0.000000 0.041337 0.041484 -1 2
1715009405 0.000168 0.000000 0.018555 0.018723 -1 2
1715009406 0.000153 0.000000 0.233613 0.233766 -1 2
1715009407 0.000176 0.000000 0.258835 0.259011 -1 2
1715009408 0.000176 0.000000 0.059519 0.059695 -1 2
1715009409 0.000159 0.000000 0.010014 0.010173 -1 2
1715009410 0.000155 0.000000 0.054584 0.054739 -1 2
1715009411 0.000161 0.000000 0.025694 0.025855 -1 2
1715009412 0.000180 0.000000 0.012327 0.012507 -1 2
