1715013554 0.001004 0.000000 0.128613 0.129617 -1 2
1715013555 0.000226 0.000000 0.054480 0.054706 -1 2
1715013556 0.000240 0.000000 0.046713 0.046953 -1 2
1715013557 0.000221 0.000000 1.372843 1.373064 -1 2
1715013558 0.000245 0.000000 0.111190 0.111435 -1 2
1715013559 0.000230 0.000000 0.067945 0.068175 -1 2
1715013560 0.000235 0.000000 0.019209 0.019444 -1 2
1715013561 0.000244 0.000000 0.061662 0.061906 -1 2
1715013562 0.000242 0.000000 0.008185 0.008427 -1 2
1715013563 0.000224 0.000000 1.705634 1.705858 -1 2
1715013564 0.000183 0.000000 0.871548 0.871731 -1 2
1715013565 0.000164 0.000000 1.360828 1.360992 -1 2
1715013566 0.000178 0.000000 0.100697 0.100875 -1 2
1715013567 0.000181 0.000000 0.152093 0.152274 -1 2
1715013568 0.000184 0.000000 0.026036 0.026220 -1 2
1715013569 0.000181 0.000000 0.128629 0.128810 -1 2
1715013570 0.000172 0.000000 0.582086 0.582258 -1 2
1715013571 0.000172 0.000000 2.548503 2.548675 -1 2
1715013572 0.000200 0.000000 2.277086 2.277286 -1 2
1715013573 0.000171 0.000000 1.283595 1.283766 -1 2
1715013574 0.000173 0.000000 0.229179 0.229352 -1 2
1715013575 0.000182 0.000000 0.162371 0.162553 -1 2
1715013576 0.000171 0.000000 1.386208 1.386379 -1 2
1715013577 0.000185 0.000000 0.205587 0.205772 -1 2
1715013578 0.000188 0.000000 0.644862 0.645050 -1 2
1715013579 0.000196 0.000000 0.115051 0.115247 -1 2
1715013580 0.000200 0.000000 0.435395 0.435595 -1 2
1715013581 0.000188 0.000000 0.123889 0.124077 -1 2
1715013582 0.000184 0.000000 0.399411 0.399595 -1 2
1715013583 0.000176 0.000000 0.200600 0.200776 -1 2
1715013584 0.000180 0.000000 2.682014 2.682194 -1 2
1715013585 0.000184 0.000000 0.020655 0.020839 -1 2
1715013586 0.000188 0.000000 0.078363 0.078551 -1 2
1715013587 0.000181 0.000000 0.321518 0.321699 -1 2
1715013588 0.000179 0.000000 0.053882 0.054061 -1 2
1715013589 0.000176 0.000000 0.137718 0.137894 -1 2
1715013590 0.000220 0.000000 0.016556 0.016776 -1 2
1715013591 0.000238 0.000000 0.093918 0.094156 -1 2
1715013592 0.000236 0.000000 0.035700 0.035936 -1 2
1715013593 0.000215 0.000000 9.057908 9.058123 -1 2
1715013594 0.000189 0.000000 133.004588 133.004777 -1 2
1715013595 0.000185 0.000000 50.822212 50.822397 -1 2
1715013596 0.000197 0.000000 0.334924 0.335121 -1 2
1715013597 0.000184 0.000000 0.616388 0.616572 -1 2
1715013598 0.000196 0.000000 0.163325 0.163521 -1 2
1715013599 0.000185 0.000000 0.134188 0.134373 -1 2
1715013600 0.000190 0.000000 0.019838 0.020028 -1 2
1715013601 0.000172 0.000000 18.378796 18.378968 -1 2
1715013602 0.000184 0.000000 0.555143 0.555327 -1 2
1715013603 0.000188 0.000000 0.111840 0.112028 -1 2
