1715076570 0.060403 0.000000 0.095182 0.155585 -1 1
1715076571 0.093218 0.000000 0.013702 0.106920 -1 1
1715076572 0.063492 0.000000 0.280115 0.343607 -1 1
1715076573 0.086861 0.000000 0.675153 0.762014 -1 1
1715076574 0.085853 0.000000 0.084368 0.170221 -1 1
1715076575 0.082774 0.000000 0.003611 0.086385 -1 1
1715076576 0.070646 0.000000 0.308056 0.378702 -1 1
1715076577 0.080114 0.000000 0.011433 0.091547 -1 1
1715076578 0.057474 0.000000 0.081201 0.138675 -1 1
1715076579 0.069388 0.000000 0.008095 0.077483 -1 1
1715076580 0.069402 0.000000 0.031130 0.100532 -1 1
1715076581 0.091579 0.000000 0.033507 0.125086 -1 1
1715076582 0.073676 0.000000 0.049296 0.122972 -1 1
1715076583 0.058680 0.000000 0.091988 0.150668 -1 1
1715076584 0.076905 0.000000 0.003907 0.080812 -1 1
1715076585 0.070013 0.000000 0.091949 0.161962 -1 1
1715076586 0.075081 0.000000 0.003148 0.078229 -1 1
1715076587 0.072332 0.000000 0.006524 0.078856 -1 1
1715076588 0.092579 0.000000 0.027367 0.119946 -1 1
1715076589 0.074160 0.000000 0.009631 0.083791 -1 1
1715076590 0.088562 0.000000 0.690054 0.778616 -1 1
1715076591 0.061460 0.000000 0.020859 0.082319 -1 1
1715076592 0.072137 0.000000 0.004466 0.076603 -1 1
1715076593 0.066722 0.000000 34.802384 34.869106 -1 1
1715076594 0.092997 0.000000 0.004905 0.097902 -1 1
1715076595 0.057188 0.000000 0.045100 0.102288 -1 1
1715076596 0.071429 0.000000 0.041851 0.113280 -1 1
1715076597 0.078739 0.000000 0.045692 0.124431 -1 1
1715076598 0.097203 0.000000 0.002156 0.099359 -1 1
1715076599 0.076767 0.000000 0.179104 0.255871 -1 1
1715076600 0.095195 0.000000 0.029786 0.124981 -1 1
1715076601 0.062359 0.000000 3.078643 3.141002 -1 1
1715076602 0.056586 0.000000 0.383281 0.439867 -1 1
1715076603 0.072313 0.000000 0.058948 0.131261 -1 1
1715076604 0.068447 0.000000 0.008442 0.076889 -1 1
1715076605 0.084619 0.000000 0.001264 0.085883 -1 1
1715076606 0.060352 0.000000 0.056929 0.117281 -1 1
1715076607 0.046911 0.000000 33.704954 33.751865 -1 1
1715076608 0.078219 0.000000 0.085035 0.163254 -1 1
1715076609 0.075586 0.000000 0.005420 0.081006 -1 1
1715076610 0.077832 0.000000 0.060269 0.138101 -1 1
1715076611 0.077663 0.000000 0.005143 0.082806 -1 1
1715076612 0.083217 0.000000 0.036880 0.120097 -1 1
1715076613 0.089842 0.000000 0.015044 0.104886 -1 1
1715076614 0.100241 0.000000 0.008470 0.108711 -1 1
1715076615 0.072320 0.000000 0.114116 0.186436 -1 1
1715076616 0.054337 0.000000 0.863207 0.917544 -1 1
1715076617 0.071396 0.000000 0.190949 0.262345 -1 1
1715076618 0.057960 0.000000 0.117100 0.175060 -1 1
1715076619 0.090223 0.000000 0.017257 0.107480 -1 1
1715076620 0.092629 0.000000 0.004278 0.096907 -1 1
1715076621 0.092329 0.000000 0.007585 0.099914 -1 1
1715076622 0.087826 0.000000 0.004262 0.092088 -1 1
1715076623 0.081732 0.000000 0.205393 0.287125 -1 1
1715076624 0.083181 0.000000 0.012149 0.095330 -1 1
1715076625 0.061433 0.000000 0.034918 0.096351 -1 1
1715076626 0.062972 0.000000 0.114767 0.177739 -1 1
1715076627 0.047780 0.000000 11.572291 11.620071 -1 1
1715076628 0.082195 0.000000 0.936499 1.018694 -1 1
1715076629 0.088398 0.000000 0.004200 0.092598 -1 1
1715076630 0.091928 0.000000 0.019203 0.111131 -1 1
1715076631 0.082135 0.000000 0.496551 0.578686 -1 1
1715076632 0.075435 0.000000 0.026500 0.101935 -1 1
1715076633 0.114249 0.000000 0.012714 0.126963 -1 1
1715076634 0.059123 0.000000 0.314819 0.373942 -1 1
1715076635 0.068228 0.000000 0.845997 0.914225 -1 1
1715076636 0.078602 0.000000 7.880042 7.958644 -1 1
1715076637 0.065703 0.000000 0.249817 0.315520 -1 1
1715076638 0.091549 0.000000 0.112502 0.204051 -1 1
1715076639 0.092769 0.000000 0.094829 0.187598 -1 1
1715076640 0.084292 0.000000 0.063232 0.147524 -1 1
1715076641 0.081057 0.000000 0.543993 0.625050 -1 1
1715076642 0.101200 0.000000 0.004096 0.105296 -1 1
1715076643 0.073068 0.000000 1.460827 1.533895 -1 1
1715076644 0.052992 0.000000 0.020186 0.073178 -1 1
1715076645 0.096300 0.000000 0.014195 0.110495 -1 1
1715076646 0.109648 0.000000 0.023264 0.132912 -1 1
1715076647 0.094033 0.000000 0.002024 0.096057 -1 1
1715076648 0.072247 0.000000 0.001901 0.074148 -1 1
1715076649 0.073601 0.000000 0.058774 0.132375 -1 1
1715076650 0.079837 0.000000 6.143035 6.222872 -1 1
1715076651 0.071292 0.000000 0.011486 0.082778 -1 1
1715076652 0.084961 0.000000 0.030412 0.115373 -1 1
1715076653 0.103587 0.000000 0.016137 0.119724 -1 1
1715076654 0.081531 0.000000 1.050576 1.132107 -1 1
1715076655 0.074519 0.000000 19.759049 19.833568 -1 1
1715076656 0.089233 0.000000 0.002233 0.091466 -1 1
1715076657 0.093148 0.000000 0.007790 0.100938 -1 1
1715076658 0.053704 0.000000 41.061686 41.115390 -1 1
1715076659 0.096821 0.000000 0.040392 0.137213 -1 1
1715076660 0.060761 0.000000 0.779490 0.840251 -1 1
1715076661 0.094918 0.000000 0.034585 0.129503 -1 1
1715076662 0.088134 0.000000 0.001619 0.089753 -1 1
1715076663 0.093366 0.000000 0.004556 0.097922 -1 1
1715076664 0.071594 0.000000 0.196965 0.268559 -1 1
1715076665 0.066764 0.000000 0.120315 0.187079 -1 1
1715076666 0.084522 0.000000 0.085120 0.169642 -1 1
1715076667 0.114544 0.000000 0.005773 0.120317 -1 1
1715076668 0.072139 0.000000 0.080626 0.152765 -1 1
1715076669 0.066714 0.000000 0.029266 0.095980 -1 1
