1715077302 0.144159 0.000000 0.032930 0.177089 -1 1
1715077303 0.130384 0.000000 0.071008 0.201392 -1 1
1715077304 0.139512 0.000000 0.875719 1.015231 -1 1
1715077305 0.139412 0.000000 20.234886 20.374298 -1 1
1715077306 0.126688 0.000000 0.247180 0.373868 -1 1
1715077307 0.098035 0.000000 0.400567 0.498602 -1 1
1715077308 0.119690 0.000000 0.029579 0.149269 -1 1
1715077309 0.121672 0.000000 0.277247 0.398919 -1 1
1715077310 0.107329 0.000000 0.630708 0.738037 -1 1
1715077311 0.115513 0.000000 5.375797 5.491310 -1 1
1715077312 0.138777 0.000000 0.004333 0.143110 -1 1
1715077313 0.129699 0.000000 0.109099 0.238798 -1 1
1715077314 0.124048 0.000000 5.974806 6.098854 -1 1
1715077315 0.127711 0.000000 0.015302 0.143013 -1 1
1715077316 0.136479 0.000000 0.155933 0.292412 -1 1
1715077317 0.154880 0.000000 0.005743 0.160623 -1 1
1715077318 0.163139 0.000000 0.066194 0.229333 -1 1
1715077319 0.124095 0.000000 0.333385 0.457480 -1 1
1715077320 0.148708 0.000000 0.067733 0.216441 -1 1
1715077321 0.105873 0.000000 8.432527 8.538400 -1 1
1715077322 0.192391 0.000000 0.007014 0.199405 -1 1
1715077323 0.109478 0.000000 0.130306 0.239784 -1 1
1715077324 0.161503 0.000000 0.103531 0.265034 -1 1
1715077325 0.120316 0.000000 0.162912 0.283228 -1 1
1715077326 0.156622 0.000000 0.074597 0.231219 -1 1
1715077327 0.141717 0.000000 0.164279 0.305996 -1 1
1715077328 0.117894 0.000000 0.210427 0.328321 -1 1
1715077329 0.147297 0.000000 0.025887 0.173184 -1 1
1715077330 0.135681 0.000000 2.789308 2.924989 -1 1
1715077331 0.128198 0.000000 2.103860 2.232058 -1 1
1715077332 0.088251 0.000000 1.240436 1.328687 -1 1
1715077333 0.099028 0.000000 0.408612 0.507640 -1 1
1715077334 0.160500 0.000000 0.125420 0.285920 -1 1
1715077335 0.159368 0.000000 0.031914 0.191282 -1 1
1715077336 0.157639 0.000000 1.192379 1.350018 -1 1
1715077337 0.121968 0.000000 0.026019 0.147987 -1 1
1715077338 0.151813 0.000000 2.032901 2.184714 -1 1
1715077339 0.129573 0.000000 0.842978 0.972551 -1 1
1715077340 0.169270 0.000000 1.686201 1.855471 -1 1
1715077341 0.149116 0.000000 0.057406 0.206522 -1 1
1715077342 0.143284 0.000000 0.033503 0.176787 -1 1
1715077343 0.148047 0.000000 0.018910 0.166957 -1 1
1715077344 0.142027 0.000000 0.047922 0.189949 -1 1
1715077345 0.145211 0.000000 0.017233 0.162444 -1 1
1715077346 0.105111 0.000000 330.238136 330.343247 -1 1
1715077347 0.140567 0.000000 3.294483 3.435050 -1 1
1715077348 0.126776 0.000000 0.168345 0.295121 -1 1
1715077349 0.157760 0.000000 3.071183 3.228943 -1 1
1715077350 0.135191 0.000000 0.121533 0.256724 -1 1
1715077351 0.136238 0.000000 0.030073 0.166311 -1 1
1715077352 0.123906 0.000000 17.618876 17.742782 -1 1
1715077353 0.177160 0.000000 0.026420 0.203580 -1 1
1715077354 0.129449 0.000000 0.093119 0.222568 -1 1
1715077355 0.118558 0.000000 0.027905 0.146463 -1 1
1715077356 0.172043 0.000000 0.011110 0.183153 -1 1
1715077357 0.160097 0.000000 0.027117 0.187214 -1 1
1715077358 0.113182 0.000000 0.134794 0.247976 -1 1
1715077359 0.177644 0.000000 0.007513 0.185157 -1 1
1715077360 0.147282 0.000000 0.010405 0.157687 -1 1
1715077361 0.162182 0.000000 0.026752 0.188934 -1 1
1715077362 0.168639 0.000000 0.056703 0.225342 -1 1
1715077363 0.126630 0.000000 0.059610 0.186240 -1 1
1715077364 0.098868 0.000000 1.096432 1.195300 -1 1
1715077365 0.139574 0.000000 1.629368 1.768942 -1 1
1715077366 0.098517 0.000000 2.974815 3.073332 -1 1
1715077367 0.137500 0.000000 0.230217 0.367717 -1 1
1715077368 0.155938 0.000000 0.007528 0.163466 -1 1
1715077369 0.167415 0.000000 0.065680 0.233095 -1 1
1715077370 0.170071 0.000000 0.022711 0.192782 -1 1
1715077371 0.139142 0.000000 0.015721 0.154863 -1 1
1715077372 0.160756 0.000000 0.018682 0.179438 -1 1
1715077373 0.181709 0.000000 0.015888 0.197597 -1 1
1715077374 0.138437 0.000000 0.063738 0.202175 -1 1
1715077375 0.144751 0.000000 0.039980 0.184731 -1 1
1715077376 0.118703 0.000000 0.141282 0.259985 -1 1
1715077377 0.108454 0.000000 12.507671 12.616125 -1 1
1715077378 0.151805 0.000000 0.030953 0.182758 -1 1
1715077379 0.137252 0.000000 9.755788 9.893040 -1 1
1715077380 0.109740 0.000000 463.953047 464.062787 -1 1
1715077381 0.142527 0.000000 0.010390 0.152917 -1 1
1715077382 0.115437 0.000000 0.380652 0.496089 -1 1
1715077383 0.114644 0.000000 0.208348 0.322992 -1 1
1715077384 0.148878 0.000000 0.171966 0.320844 -1 1
1715077385 0.135406 0.000000 0.007247 0.142653 -1 1
1715077386 0.137836 0.000000 0.284910 0.422746 -1 1
1715077387 0.169026 0.000000 0.013817 0.182843 -1 1
1715077388 0.158593 0.000000 0.030963 0.189556 -1 1
1715077389 0.177776 0.000000 0.050345 0.228121 -1 1
1715077390 0.126180 0.000000 234.315328 234.441508 -1 1
1715077391 0.124643 0.000000 0.038626 0.163269 -1 1
1715077392 0.163529 0.000000 0.047078 0.210607 -1 1
1715077393 0.143284 0.000000 0.102295 0.245579 -1 1
1715077394 0.134747 0.000000 0.919451 1.054198 -1 1
1715077395 0.191560 0.000000 0.009027 0.200587 -1 1
1715077396 0.141746 0.000000 0.002472 0.144218 -1 1
1715077397 0.177311 0.000000 0.010543 0.187854 -1 1
1715077398 0.171284 0.000000 0.044932 0.216216 -1 1
1715077399 0.122085 0.000000 0.161138 0.283223 -1 1
1715077400 0.138910 0.000000 230.141755 230.280665 -1 1
1715077401 0.136572 0.000000 0.483720 0.620292 -1 1
