1715076326 0.000361 0.000000 1.330654 1.331015 -1 2
1715076327 0.000250 0.000000 17.586188 17.586438 -1 2
1715076328 0.000201 0.000000 0.517386 0.517587 -1 2
1715076329 0.000194 0.000000 18.033812 18.034006 -1 2
1715076330 0.000269 0.000000 0.232869 0.233138 -1 2
1715076331 0.000202 0.000000 0.232692 0.232894 -1 2
1715076332 0.000232 0.000000 0.162279 0.162511 -1 2
1715076333 0.000229 0.000000 0.568068 0.568297 -1 2
1715076334 0.000218 0.000000 34.294735 34.294953 -1 2
1715076335 0.000421 0.000000 0.546334 0.546755 -1 2
1715076336 0.000210 0.000000 0.464785 0.464995 -1 2
1715076337 0.000191 0.000000 0.573763 0.573954 -1 2
1715076338 0.000196 0.000000 1.499428 1.499624 -1 2
1715076339 0.000219 0.000000 0.472118 0.472337 -1 2
1715076340 0.000205 0.000000 1.508822 1.509027 -1 2
1715076341 0.000215 0.000000 0.055667 0.055882 -1 2
1715076342 0.000216 0.000000 0.046303 0.046519 -1 2
1715076343 0.000226 0.000000 0.030944 0.031170 -1 2
1715076344 0.000224 0.000000 0.102151 0.102375 -1 2
1715076345 0.000206 0.000000 0.078268 0.078474 -1 2
1715076346 0.000220 0.000000 1.646929 1.647149 -1 2
1715076347 0.000196 0.000000 0.436761 0.436957 -1 2
1715076348 0.000211 0.000000 0.164474 0.164685 -1 2
1715076349 0.000229 0.000000 0.037288 0.037517 -1 2
1715076350 0.000222 0.000000 0.082794 0.083016 -1 2
1715076351 0.000207 0.000000 51.176768 51.176975 -1 2
1715076352 0.000210 0.000000 0.124201 0.124411 -1 2
1715076353 0.000202 0.000000 0.251711 0.251913 -1 2
1715076354 0.000197 0.000000 79.988910 79.989107 -1 2
1715076355 0.000204 0.000000 0.046094 0.046298 -1 2
1715076356 0.000217 0.000000 0.468019 0.468236 -1 2
1715076357 0.000206 0.000000 0.018516 0.018722 -1 2
1715076358 0.000204 0.000000 0.081775 0.081979 -1 2
1715076359 0.000198 0.000000 0.079150 0.079348 -1 2
1715076360 0.000206 0.000000 0.035606 0.035812 -1 2
1715076361 0.000190 0.000000 6.379740 6.379930 -1 2
1715076362 0.000202 0.000000 1.297145 1.297347 -1 2
1715076363 0.000213 0.000000 12.525701 12.525914 -1 2
1715076364 0.000195 0.000000 0.646326 0.646521 -1 2
1715076365 0.000226 0.000000 0.068525 0.068751 -1 2
1715076366 0.000218 0.000000 0.780741 0.780959 -1 2
1715076367 0.000221 0.000000 0.283179 0.283400 -1 2
1715076368 0.000224 0.000000 2.592097 2.592321 -1 2
1715076369 0.000197 0.000000 0.317084 0.317281 -1 2
1715076370 0.000197 0.000000 0.112360 0.112557 -1 2
1715076371 0.000207 0.000000 1.606668 1.606875 -1 2
1715076372 0.000210 0.000000 0.039044 0.039254 -1 2
1715076373 0.000200 0.000000 0.111189 0.111389 -1 2
1715076374 0.000211 0.000000 0.809469 0.809680 -1 2
1715076375 0.000206 0.000000 2.738474 2.738680 -1 2
