1715010684 0.000339 0.000000 0.029746 0.030085 -1 2
1715010685 0.000228 0.000000 0.601916 0.602144 -1 2
1715010686 0.000202 0.000000 1.809001 1.809203 -1 2
1715010687 0.000187 0.000000 0.018784 0.018971 -1 2
1715010688 0.000186 0.000000 0.420511 0.420697 -1 2
1715010689 0.000189 0.000000 2.445198 2.445387 -1 2
1715010690 0.000158 0.000000 0.293392 0.293550 -1 2
1715010691 0.000175 0.000000 7.113112 7.113287 -1 2
1715010692 0.000168 0.000000 0.008527 0.008695 -1 2
1715010693 0.000146 0.000000 1.224725 1.224871 -1 2
1715010694 0.000164 0.000000 0.027517 0.027681 -1 2
1715010695 0.000158 0.000000 0.011453 0.011611 -1 2
1715010696 0.000158 0.000000 0.101837 0.101995 -1 2
1715010697 0.000176 0.000000 0.018098 0.018274 -1 2
1715010698 0.000165 0.000000 0.300749 0.300914 -1 2
1715010699 0.000163 0.000000 3.747342 3.747505 -1 2
1715010700 0.000168 0.000000 0.010003 0.010171 -1 2
1715010701 0.000159 0.000000 0.071202 0.071361 -1 2
1715010702 0.000147 0.000000 0.349300 0.349447 -1 2
1715010703 0.000157 0.000000 0.026662 0.026819 -1 2
1715010704 0.000151 0.000000 14.058864 14.059015 -1 2
1715010705 0.000166 0.000000 0.114865 0.115031 -1 2
1715010706 0.000159 0.000000 1.433289 1.433448 -1 2
1715010707 0.000162 0.000000 0.147012 0.147174 -1 2
1715010708 0.000166 0.000000 0.100826 0.100992 -1 2
1715010709 0.000159 0.000000 0.055204 0.055363 -1 2
1715010710 0.000163 0.000000 0.057002 0.057165 -1 2
1715010711 0.000187 0.000000 0.044160 0.044347 -1 2
1715010712 0.000174 0.000000 0.041873 0.042047 -1 2
1715010713 0.000184 0.000000 0.012632 0.012816 -1 2
1715010714 0.000175 0.000000 0.113043 0.113218 -1 2
1715010715 0.000174 0.000000 1.665312 1.665486 -1 2
1715010716 0.000158 0.000000 0.086622 0.086780 -1 2
1715010717 0.000161 0.000000 0.214754 0.214915 -1 2
1715010718 0.000191 0.000000 0.007678 0.007869 -1 2
1715010719 0.000175 0.000000 0.154746 0.154921 -1 2
1715010720 0.000180 0.000000 0.257897 0.258077 -1 2
1715010721 0.000202 0.000000 0.075418 0.075620 -1 2
1715010722 0.000194 0.000000 0.364891 0.365085 -1 2
1715010723 0.000158 0.000000 10.460854 10.461012 -1 2
1715010724 0.000166 0.000000 0.397485 0.397651 -1 2
1715010725 0.000204 0.000000 0.120274 0.120478 -1 2
1715010726 0.000174 0.000000 0.120527 0.120701 -1 2
1715010727 0.000178 0.000000 2.053804 2.053982 -1 2
1715010728 0.000188 0.000000 1.403962 1.404150 -1 2
1715010729 0.000162 0.000000 0.036683 0.036845 -1 2
1715010730 0.000171 0.000000 0.123090 0.123261 -1 2
1715010731 0.000176 0.000000 0.036705 0.036881 -1 2
1715010732 0.000186 0.000000 0.020299 0.020485 -1 2
1715010733 0.000171 0.000000 0.330604 0.330775 -1 2
