1715003006 0.000028 0.000000 46.597951 46.597979 -1 0
1715003007 0.000012 0.000000 24.014811 24.014823 -1 0
1715003008 0.000010 0.000000 30.423252 30.423262 -1 0
1715003009 0.000011 0.000000 15.194357 15.194368 -1 0
1715003010 0.000009 0.000000 10.069767 10.069776 -1 0
1715003011 0.000011 0.000000 44.468122 44.468133 -1 0
1715003012 0.000010 0.000000 45.932172 45.932182 -1 0
1715003013 0.000010 0.000000 13.969326 13.969336 -1 0
1715003014 0.000011 0.000000 4.182615 4.182626 -1 0
1715003015 0.000009 0.000000 44.225794 44.225803 -1 0
1715003016 0.000011 0.000000 17.499079 17.499090 -1 0
1715003017 0.000012 0.000000 23.575905 23.575917 -1 0
1715003018 0.000010 0.000000 0.721851 0.721861 -1 0
1715003019 0.000011 0.000000 47.347425 47.347436 -1 0
1715003020 0.000011 0.000000 34.474512 34.474523 -1 0
1715003021 0.000009 0.000000 0.092014 0.092023 -1 0
1715003022 0.000011 0.000000 32.809255 32.809266 -1 0
1715003023 0.000012 0.000000 42.144256 42.144268 -1 0
1715003024 0.000011 0.000000 30.486822 30.486833 -1 0
1715003025 0.000010 0.000000 13.856188 13.856198 -1 0
1715003026 0.000011 0.000000 22.391114 22.391125 -1 0
1715003027 0.000009 0.000000 8.198093 8.198102 -1 0
1715003028 0.000010 0.000000 12.206900 12.206910 -1 0
1715003029 0.000011 0.000000 46.156505 46.156516 -1 0
1715003030 0.000011 0.000000 0.490961 0.490972 -1 0
1715003031 0.000010 0.000000 7.607102 7.607112 -1 0
1715003032 0.000011 0.000000 43.240297 43.240308 -1 0
1715003033 0.000011 0.000000 44.895221 44.895232 -1 0
1715003034 0.000012 0.000000 33.703708 33.703720 -1 0
1715003035 0.000011 0.000000 9.079846 9.079857 -1 0
1715003036 0.000011 0.000000 14.908766 14.908777 -1 0
1715003037 0.000010 0.000000 26.880154 26.880164 -1 0
1715003038 0.000010 0.000000 43.731454 43.731464 -1 0
1715003039 0.000011 0.000000 33.181701 33.181712 -1 0
1715003040 0.000013 0.000000 42.462742 42.462755 -1 0
1715003041 0.000013 0.000000 23.037154 23.037167 -1 0
1715003042 0.000011 0.000000 37.978755 37.978766 -1 0
1715003043 0.000009 0.000000 44.599681 44.599690 -1 0
1715003044 0.000010 0.000000 26.771389 26.771399 -1 0
1715003045 0.000010 0.000000 11.306967 11.306977 -1 0
1715003046 0.000011 0.000000 21.198064 21.198075 -1 0
1715003047 0.000010 0.000000 13.602589 13.602599 -1 0
1715003048 0.000011 0.000000 9.966064 9.966075 -1 0
1715003049 0.000010 0.000000 27.502419 27.502429 -1 0
1715003050 0.000010 0.000000 13.025960 13.025970 -1 0
1715003051 0.000011 0.000000 28.616490 28.616501 -1 0
1715003052 0.000010 0.000000 8.900371 8.900381 -1 0
1715003053 0.000010 0.000000 33.634897 33.634907 -1 0
1715003054 0.000011 0.000000 17.457535 17.457546 -1 0
1715003055 0.000011 0.000000 4.757687 4.757698 -1 0
