1715375147 0.000484 0.000392 0.002828 0.003704 42 4
1715375148 0.000291 0.000257 0.004994 0.005542 35 4
1715375149 0.000119 0.000095 0.000654 0.000868 68 4
1715375150 0.000117 0.000109 0.009587 0.009813 33 4
1715375151 0.000131 0.000099 0.003768 0.003998 15 4
1715375152 0.000106 0.000094 0.004494 0.004694 10 4
1715375153 0.000119 0.000102 0.000827 0.001048 53 4
1715375154 0.000113 0.000107 0.007531 0.007751 24 4
1715375155 0.000121 0.000101 0.001391 0.001613 58 4
1715375156 0.000123 0.000100 0.001016 0.001239 49 4
1715375157 0.000121 0.000111 0.000516 0.000748 83 4
1715375158 0.000122 0.000096 0.001174 0.001392 59 4
1715375159 0.000123 0.000096 0.003086 0.003305 36 4
1715375160 0.000114 0.000099 0.004809 0.005022 27 4
1715375161 0.000121 0.000100 0.003069 0.003290 36 4
1715375162 0.000110 0.000093 0.003273 0.003476 32 4
1715375163 0.000107 0.000100 0.028680 0.028887 17 4
1715375164 0.000115 0.000096 0.012947 0.013158 40 4
1715375165 0.000114 0.000100 0.007501 0.007715 22 4
1715375166 0.000128 0.000108 0.002598 0.002834 37 4
1715375167 0.000113 0.000102 0.003050 0.003265 38 4
1715375168 0.000114 0.000108 0.003093 0.003315 49 4
1715375169 0.000121 0.000096 0.001093 0.001310 47 4
1715375170 0.000115 0.000095 0.007479 0.007689 27 4
1715375171 0.000128 0.000095 0.013192 0.013415 21 4
1715375172 0.000117 0.000101 0.003905 0.004123 52 4
1715375173 0.000108 0.000098 0.005248 0.005454 35 4
1715375174 0.000118 0.000100 0.003992 0.004210 53 4
1715375175 0.000114 0.000094 0.286484 0.286692 5 4
1715375176 0.000130 0.000104 0.008738 0.008972 29 4
1715375177 0.000131 0.000102 0.000548 0.000781 83 4
1715375178 0.000114 0.000098 0.001144 0.001356 37 4
1715375179 0.000121 0.000097 0.012873 0.013091 18 4
1715375180 0.000110 0.000098 0.011374 0.011582 24 4
1715375181 0.000131 0.000105 0.001566 0.001802 46 4
1715375182 0.000133 0.000098 0.003600 0.003831 35 4
1715375183 0.000132 0.000113 0.002194 0.002439 48 4
1715375184 0.000120 0.000096 0.002449 0.002665 43 4
1715375185 0.000112 0.000118 0.011106 0.011336 34 4
1715375186 0.000107 0.000110 0.028182 0.028399 7 4
1715375187 0.000120 0.000111 0.002224 0.002455 51 4
1715375188 0.000116 0.000097 0.003656 0.003869 42 4
1715375189 0.000121 0.000099 0.000952 0.001172 59 4
1715375190 0.000118 0.000122 0.006031 0.006271 32 4
1715375191 0.000124 0.000092 0.005893 0.006109 21 4
1715375192 0.000113 0.000098 0.001956 0.002167 44 4
1715375193 0.000116 0.000095 0.001504 0.001715 28 4
1715375194 0.000115 0.000102 0.030972 0.031189 20 4
1715375195 0.000139 0.000099 0.007359 0.007597 47 4
1715375196 0.000128 0.000102 0.004029 0.004259 47 4
1715375197 0.000119 0.000104 0.045120 0.045343 24 4
1715375198 0.000130 0.000102 0.001147 0.001379 52 4
1715375199 0.000107 0.000106 0.037834 0.038047 15 4
1715375200 0.000140 0.000098 0.006080 0.006318 41 4
1715375201 0.000137 0.000102 0.002133 0.002372 51 4
1715375202 0.000122 0.000095 0.002706 0.002923 48 4
1715375203 0.000119 0.000099 0.000935 0.001153 55 4
1715375204 0.000109 0.000097 0.013771 0.013977 29 4
1715375205 0.000142 0.000099 0.019671 0.019912 24 4
1715375206 0.000125 0.000105 0.000688 0.000918 81 4
1715375207 0.000113 0.000108 0.003590 0.003811 20 4
1715375208 0.000115 0.000102 0.098368 0.098585 30 4
1715375209 0.000130 0.000104 0.001682 0.001916 33 4
1715375210 0.000117 0.000097 0.004716 0.004930 31 4
1715375211 0.000122 0.000103 0.005106 0.005331 42 4
1715375212 0.000112 0.000100 0.123139 0.123351 23 4
1715375213 0.000128 0.000121 0.000517 0.000766 84 4
1715375214 0.000121 0.000119 0.007717 0.007957 41 4
1715375215 0.000105 0.000099 0.057343 0.057547 12 4
1715375216 0.000138 0.000115 0.000658 0.000911 74 4
1715375217 0.000112 0.000100 0.017931 0.018143 22 4
1715375218 0.000134 0.000101 0.000691 0.000926 78 4
1715375219 0.000129 0.000101 0.004307 0.004537 14 4
1715375220 0.000121 0.000098 0.000608 0.000827 77 4
1715375221 0.000121 0.000096 0.035526 0.035743 19 4
1715375222 0.000120 0.000104 0.000869 0.001093 82 4
1715375223 0.000117 0.000111 0.002445 0.002673 31 4
1715375224 0.000122 0.000107 0.004988 0.005217 48 4
1715375225 0.000144 0.000105 0.008159 0.008408 46 4
1715375226 0.000111 0.000096 0.022441 0.022648 31 4
1715375227 0.000117 0.000103 0.006012 0.006232 31 4
1715375228 0.000119 0.000097 0.002974 0.003190 62 4
1715375229 0.000130 0.000101 0.001785 0.002016 42 4
1715375230 0.000118 0.000097 0.002391 0.002606 55 4
1715375231 0.000103 0.000097 0.002538 0.002738 37 4
1715375232 0.000111 0.000100 0.001851 0.002062 36 4
1715375233 0.000101 0.000094 0.008466 0.008661 14 4
1715375234 0.000123 0.000097 0.001392 0.001612 33 4
1715375235 0.000110 0.000099 0.008533 0.008742 34 4
1715375236 0.000132 0.000101 0.003374 0.003607 74 4
1715375237 0.000093 0.000101 0.132315 0.132509 5 4
1715375238 0.000117 0.000107 0.003119 0.003343 48 4
1715375239 0.000138 0.000101 0.003213 0.003452 38 4
1715375240 0.000109 0.000097 0.011361 0.011567 25 4
1715375241 0.000117 0.000099 0.008060 0.008276 19 4
1715375242 0.000116 0.000100 0.002176 0.002392 25 4
1715375243 0.000124 0.000099 0.004863 0.005086 44 4
1715375244 0.000114 0.000109 0.012797 0.013020 14 4
1715375245 0.000124 0.000114 0.000881 0.001119 54 4
1715375246 0.000120 0.000101 0.002688 0.002909 30 4
1715375247 0.000120 0.000108 0.002322 0.002550 42 4
1715375248 0.000106 0.000111 0.013664 0.013881 20 4
1715375249 0.000129 0.000095 0.003255 0.003479 26 4
1715375250 0.000111 0.000097 0.004245 0.004453 31 4
1715375251 0.000127 0.000116 0.001617 0.001860 36 4
1715375252 0.000121 0.000100 0.001565 0.001786 44 4
1715375253 0.000142 0.000099 0.000883 0.001124 84 4
1715375254 0.000114 0.000096 0.002020 0.002230 24 4
1715375255 0.000116 0.000100 0.001050 0.001266 51 4
1715375256 0.000124 0.000096 0.001233 0.001453 36 4
1715375257 0.000119 0.000103 0.002222 0.002444 43 4
1715375258 0.000121 0.000100 0.001082 0.001303 43 4
1715375259 0.000117 0.000112 0.014441 0.014670 24 4
1715375260 0.000108 0.000096 0.668419 0.668623 11 4
1715375261 0.000126 0.000102 0.003822 0.004050 34 4
1715375262 0.000101 0.000111 0.006931 0.007143 16 4
1715375263 0.000113 0.000128 0.001557 0.001798 44 4
1715375264 0.000114 0.000099 0.001124 0.001337 60 4
1715375265 0.000121 0.000109 0.006004 0.006234 40 4
1715375266 0.000130 0.000101 0.002436 0.002667 44 4
1715375267 0.000134 0.000108 0.000631 0.000873 76 4
1715375268 0.000122 0.000102 0.007776 0.008000 44 4
1715375269 0.000117 0.000113 0.000829 0.001059 74 4
1715375270 0.000130 0.000099 0.000709 0.000938 78 4
1715375271 0.000110 0.000100 0.002600 0.002810 49 4
1715375272 0.000123 0.000099 0.002770 0.002992 45 4
1715375273 0.000128 0.000113 0.001664 0.001905 61 4
1715375274 0.000116 0.000099 0.003805 0.004020 52 4
1715375275 0.000122 0.000098 0.004973 0.005193 40 4
1715375276 0.000120 0.000095 0.002465 0.002680 32 4
1715375277 0.000117 0.000101 0.003724 0.003942 21 4
1715375278 0.000125 0.000097 0.003490 0.003712 26 4
1715375279 0.000109 0.000098 0.007913 0.008120 23 4
1715375280 0.000127 0.000100 0.001298 0.001525 79 4
1715375281 0.000117 0.000097 0.003123 0.003337 28 4
1715375282 0.000136 0.000098 0.000926 0.001160 85 4
1715375283 0.000129 0.000095 0.007868 0.008092 25 4
1715375284 0.000114 0.000096 0.007250 0.007460 31 4
1715375285 0.000113 0.000105 0.003232 0.003450 46 4
1715375286 0.000125 0.000111 0.003107 0.003343 47 4
1715375287 0.000129 0.000097 0.000877 0.001103 51 4
1715375288 0.000107 0.000093 0.034025 0.034225 23 4
1715375289 0.000129 0.000099 0.002544 0.002772 61 4
1715375290 0.000114 0.000097 0.008557 0.008768 40 4
1715375291 0.000127 0.000103 0.001679 0.001909 57 4
1715375292 0.000121 0.000100 0.001873 0.002094 48 4
1715375293 0.000117 0.000098 0.003708 0.003923 38 4
1715375294 0.000108 0.000104 0.001230 0.001442 49 4
1715375295 0.000121 0.000105 0.002189 0.002415 43 4
1715375296 0.000118 0.000097 0.001332 0.001547 56 4
1715375297 0.000115 0.000106 0.004006 0.004227 34 4
1715375298 0.000130 0.000099 0.001121 0.001350 61 4
1715375299 0.000120 0.000104 0.000895 0.001119 76 4
1715375300 0.000125 0.000096 0.000750 0.000971 69 4
1715375301 0.000110 0.000104 0.020927 0.021141 32 4
1715375302 0.000124 0.000100 0.006512 0.006736 48 4
1715375303 0.000109 0.000098 0.030237 0.030444 9 4
1715375304 0.000116 0.000096 0.003072 0.003284 39 4
1715375305 0.000119 0.000093 0.008364 0.008576 56 4
1715375306 0.000128 0.000100 0.004584 0.004812 38 4
1715375307 0.000123 0.000097 0.001415 0.001635 57 4
1715375308 0.000112 0.000099 0.012383 0.012594 29 4
1715375309 0.000119 0.000097 0.066709 0.066925 20 4
1715375310 0.000121 0.000105 0.003010 0.003236 39 4
1715375311 0.000129 0.000100 0.021084 0.021313 28 4
1715375312 0.000127 0.000101 0.000711 0.000939 67 4
1715375313 0.000128 0.000100 0.015675 0.015903 25 4
1715375314 0.000118 0.000113 0.002379 0.002610 48 4
1715375315 0.000116 0.000096 0.001063 0.001275 56 4
1715375316 0.000142 0.000100 0.000903 0.001145 76 4
1715375317 0.000104 0.000097 0.008503 0.008704 31 4
1715375318 0.000115 0.000102 0.007844 0.008061 27 4
1715375319 0.000109 0.000102 0.007259 0.007470 29 4
1715375320 0.000122 0.000107 0.006829 0.007058 23 4
1715375321 0.000115 0.000094 0.080911 0.081120 3 4
1715375322 0.000133 0.000130 0.001780 0.002043 76 4
1715375323 0.000113 0.000096 0.023488 0.023697 24 4
1715375324 0.000130 0.000097 0.000773 0.001000 65 4
1715375325 0.000107 0.000108 0.003142 0.003357 31 4
1715375326 0.000125 0.000104 0.003773 0.004002 39 4
1715375327 0.000138 0.000096 0.001038 0.001272 56 4
1715375328 0.000122 0.000099 0.001554 0.001775 57 4
1715375329 0.000133 0.000099 0.008776 0.009008 40 4
1715375330 0.000118 0.000102 0.001200 0.001420 48 4
1715375331 0.000128 0.000096 0.003023 0.003247 30 4
1715375332 0.000111 0.000097 0.004007 0.004215 25 4
1715375333 0.000117 0.000111 0.001962 0.002190 55 4
1715375334 0.000107 0.000098 0.001940 0.002145 48 4
1715375335 0.000136 0.000102 0.002646 0.002884 35 4
1715375336 0.000116 0.000096 0.005062 0.005274 30 4
1715375337 0.000116 0.000098 0.018515 0.018729 14 4
1715375338 0.000123 0.000115 0.000861 0.001099 81 4
1715375339 0.000124 0.000101 0.003149 0.003374 44 4
1715375340 0.000142 0.000101 0.001429 0.001672 43 4
1715375341 0.000121 0.000096 0.000762 0.000979 75 4
1715375342 0.000115 0.000111 0.001479 0.001705 47 4
1715375343 0.000123 0.000095 0.000392 0.000610 96 4
1715375344 0.000118 0.000105 0.000867 0.001090 70 4
1715375345 0.000126 0.000112 0.002452 0.002690 50 4
1715375346 0.000120 0.000096 0.001130 0.001346 50 4
1715375347 0.000110 0.000096 0.041739 0.041945 3 4
1715375348 0.000114 0.000101 0.013062 0.013277 40 4
1715375349 0.000125 0.000101 0.006251 0.006477 35 4
1715375350 0.000125 0.000097 0.002124 0.002346 61 4
1715375351 0.000132 0.000110 0.000691 0.000933 72 4
1715375352 0.000110 0.000099 0.101910 0.102119 24 4
1715375353 0.000114 0.000093 0.141861 0.142068 20 4
1715375354 0.000124 0.000106 0.001481 0.001711 34 4
1715375355 0.000134 0.000099 0.005006 0.005239 33 4
1715375356 0.000126 0.000102 0.000992 0.001220 65 4
1715375357 0.000113 0.000098 0.003965 0.004176 29 4
1715375358 0.000122 0.000097 0.001465 0.001684 33 4
1715375359 0.000113 0.000107 0.025401 0.025621 20 4
1715375360 0.000127 0.000096 0.004141 0.004364 23 4
1715375361 0.000114 0.000102 0.001099 0.001315 44 4
1715375362 0.000106 0.000103 0.028916 0.029125 17 4
1715375363 0.000112 0.000115 0.017019 0.017246 36 4
1715375364 0.000115 0.000096 0.001305 0.001516 25 4
1715375365 0.000117 0.000096 0.012802 0.013015 6 4
1715375366 0.000121 0.000096 0.007970 0.008187 27 4
1715375367 0.000121 0.000099 0.008459 0.008679 31 4
1715375368 0.000118 0.000113 0.004963 0.005194 23 4
1715375369 0.000111 0.000116 0.005956 0.006183 13 4
1715375370 0.000131 0.000097 0.006938 0.007166 29 4
1715375371 0.000119 0.000099 0.001318 0.001536 48 4
1715375372 0.000124 0.000095 0.018878 0.019097 25 4
1715375373 0.000105 0.000098 0.021419 0.021622 22 4
1715375374 0.000117 0.000110 0.000775 0.001002 69 4
1715375375 0.000114 0.000100 0.001744 0.001958 46 4
1715375376 0.000101 0.000098 0.020832 0.021031 15 4
1715375377 0.000120 0.000101 0.017713 0.017934 50 4
1715375378 0.000117 0.000103 0.001734 0.001954 32 4
1715375379 0.000109 0.000097 0.011729 0.011935 30 4
1715375380 0.000131 0.000111 0.000560 0.000802 83 4
1715375381 0.000120 0.000098 0.003112 0.003330 34 4
1715375382 0.000124 0.000100 0.001189 0.001413 70 4
1715375383 0.000112 0.000095 0.001156 0.001363 44 4
1715375384 0.000141 0.000097 0.004440 0.004678 31 4
1715375385 0.000117 0.000118 0.001912 0.002147 36 4
1715375386 0.000128 0.000109 0.001263 0.001500 55 4
1715375387 0.000131 0.000101 0.000823 0.001055 65 4
1715375388 0.000116 0.000103 0.002507 0.002726 56 4
1715375389 0.000123 0.000112 0.004985 0.005220 26 4
1715375390 0.000114 0.000094 0.001223 0.001431 49 4
1715375391 0.000126 0.000098 0.000622 0.000846 92 4
1715375392 0.000123 0.000103 0.001345 0.001571 53 4
1715375393 0.000129 0.000095 0.001112 0.001336 50 4
1715375394 0.000115 0.000106 0.011706 0.011927 21 4
1715375395 0.000125 0.000097 0.001649 0.001871 44 4
1715375396 0.000114 0.000095 0.002151 0.002360 31 4
1715375397 0.000111 0.000111 0.006664 0.006886 29 4
1715375398 0.000143 0.000101 0.003159 0.003403 45 4
1715375399 0.000112 0.000098 0.080075 0.080285 27 4
1715375400 0.000118 0.000107 0.003460 0.003685 27 4
1715375401 0.000109 0.000110 0.005934 0.006153 24 4
1715375402 0.000116 0.000099 0.000923 0.001138 60 4
1715375403 0.000114 0.000110 0.002807 0.003031 36 4
1715375404 0.000120 0.000099 0.001089 0.001308 49 4
1715375405 0.000106 0.000109 0.004519 0.004734 40 4
1715375406 0.000131 0.000097 0.001657 0.001885 46 4
1715375407 0.000119 0.000099 0.002186 0.002404 47 4
1715375408 0.000124 0.000110 0.011729 0.011963 31 4
1715375409 0.000122 0.000099 0.011774 0.011995 13 4
1715375410 0.000111 0.000101 0.002015 0.002227 29 4
1715375411 0.000115 0.000112 0.003175 0.003402 49 4
1715375412 0.000134 0.000102 0.001592 0.001828 54 4
1715375413 0.000130 0.000108 0.000962 0.001200 56 4
1715375414 0.000115 0.000103 0.003620 0.003838 11 4
1715375415 0.000113 0.000101 0.001799 0.002013 52 4
1715375416 0.000103 0.000106 0.058835 0.059044 22 4
1715375417 0.000115 0.000102 0.014594 0.014811 14 4
1715375418 0.000112 0.000110 0.049119 0.049341 29 4
1715375419 0.000104 0.000094 0.004381 0.004579 70 4
1715375420 0.000093 0.000091 0.004906 0.005090 40 4
1715375421 0.000096 0.000090 0.002269 0.002455 50 4
1715375422 0.000092 0.000090 0.002564 0.002746 41 4
1715375423 0.000096 0.000093 0.002791 0.002980 37 4
1715375424 0.000100 0.000092 0.000795 0.000987 52 4
1715375425 0.000093 0.000086 0.001844 0.002023 48 4
1715375426 0.000103 0.000092 0.002371 0.002566 52 4
1715375427 0.000093 0.000090 0.001253 0.001436 42 4
1715375428 0.000091 0.000091 0.014841 0.015023 28 4
1715375429 0.000096 0.000092 0.003099 0.003287 37 4
1715375430 0.000101 0.000096 0.002725 0.002922 38 4
1715375431 0.000096 0.000091 0.000916 0.001103 54 4
1715375432 0.000095 0.000091 0.014026 0.014212 28 4
1715375433 0.000102 0.000093 0.000557 0.000752 76 4
1715375434 0.000102 0.000090 0.002686 0.002878 22 4
1715375435 0.000088 0.000089 0.358709 0.358886 8 4
1715375436 0.000096 0.000096 0.001239 0.001431 58 4
1715375437 0.000091 0.000089 0.001593 0.001773 47 4
1715375438 0.000093 0.000093 0.004668 0.004854 32 4
1715375439 0.000095 0.000090 0.001455 0.001640 40 4
1715375440 0.000089 0.000089 0.002348 0.002526 30 4
1715375441 0.000092 0.000090 0.001360 0.001542 35 4
1715375442 0.000089 0.000090 0.012933 0.013112 23 4
1715375443 0.000102 0.000094 0.002717 0.002913 46 4
1715375444 0.000096 0.000092 0.010898 0.011086 35 4
1715375445 0.000099 0.000090 0.001534 0.001723 29 4
1715375446 0.000092 0.000091 0.021749 0.021932 22 4
1715375447 0.000096 0.000095 0.001782 0.001973 51 4
1715375448 0.000090 0.000089 0.018155 0.018334 26 4
1715375449 0.000097 0.000093 0.000530 0.000720 70 4
1715375450 0.000095 0.000094 0.002959 0.003148 47 4
1715375451 0.000096 0.000089 0.000915 0.001100 52 4
1715375452 0.000099 0.000093 0.000743 0.000935 58 4
1715375453 0.000088 0.000088 0.005086 0.005262 32 4
1715375454 0.000094 0.000089 0.001769 0.001952 22 4
1715375455 0.000095 0.000094 0.005002 0.005191 49 4
1715375456 0.000098 0.000095 0.003336 0.003529 31 4
1715375457 0.000094 0.000090 0.003220 0.003404 46 4
1715375458 0.000093 0.000091 0.012000 0.012184 48 4
1715375459 0.000098 0.000093 0.001527 0.001718 44 4
1715375460 0.000095 0.000092 0.002730 0.002917 54 4
1715375461 0.000092 0.000090 0.003079 0.003261 38 4
1715375462 0.000092 0.000091 0.006591 0.006774 26 4
1715375463 0.000131 0.000094 0.001140 0.001365 63 4
1715375464 0.000101 0.000091 0.001698 0.001890 65 4
1715375465 0.000099 0.000094 0.000705 0.000898 65 4
1715375466 0.000091 0.000089 0.009681 0.009861 19 4
1715375467 0.000103 0.000093 0.000916 0.001112 63 4
1715375468 0.000095 0.000089 0.001134 0.001318 61 4
1715375469 0.000095 0.000090 0.001214 0.001399 43 4
1715375470 0.000098 0.000092 0.000789 0.000979 63 4
1715375471 0.000101 0.000092 0.000932 0.001125 69 4
1715375472 0.000087 0.000088 0.186389 0.186564 9 4
1715375473 0.000099 0.000094 0.001408 0.001601 46 4
1715375474 0.000094 0.000092 0.008769 0.008955 24 4
1715375475 0.000087 0.000088 0.006995 0.007170 14 4
1715375476 0.000092 0.000090 0.000867 0.001049 49 4
1715375477 0.000092 0.000093 0.001329 0.001514 36 4
1715375478 0.000097 0.000089 0.000564 0.000750 82 4
1715375479 0.000086 0.000089 0.017683 0.017858 22 4
1715375480 0.000101 0.000095 0.001304 0.001500 34 4
1715375481 0.000092 0.000090 0.014183 0.014365 18 4
1715375482 0.000100 0.000092 0.000797 0.000989 53 4
1715375483 0.000092 0.000089 0.004209 0.004390 23 4
1715375484 0.000096 0.000092 0.001184 0.001372 40 4
1715375485 0.000097 0.000093 0.001174 0.001364 55 4
1715375486 0.000084 0.000088 0.309153 0.309325 1 4
1715375487 0.000092 0.000093 0.018950 0.019135 13 4
1715375488 0.000099 0.000090 0.001392 0.001581 51 4
1715375489 0.000092 0.000091 0.062310 0.062493 21 4
1715375490 0.000103 0.000094 0.000815 0.001012 66 4
1715375491 0.000083 0.000087 0.006730 0.006900 11 4
1715375492 0.000089 0.000089 0.007979 0.008157 24 4
1715375493 0.000088 0.000089 0.215961 0.216138 14 4
1715375494 0.000101 0.000094 0.000896 0.001091 53 4
1715375495 0.000098 0.000091 0.001278 0.001467 56 4
1715375496 0.000099 0.000092 0.000967 0.001158 33 4
1715375497 0.000092 0.000089 0.001042 0.001223 40 4
1715375498 0.000095 0.000091 0.005971 0.006157 41 4
1715375499 0.000094 0.000091 0.010177 0.010362 31 4
1715375500 0.000097 0.000094 0.001393 0.001584 59 4
1715375501 0.000092 0.000090 0.002058 0.002240 41 4
1715375502 0.000091 0.000090 0.006889 0.007070 24 4
1715375503 0.000090 0.000093 0.008721 0.008904 20 4
1715375504 0.000097 0.000093 0.000755 0.000945 50 4
1715375505 0.000092 0.000091 0.003651 0.003834 38 4
1715375506 0.000097 0.000091 0.000694 0.000882 69 4
1715375507 0.000094 0.000092 0.001351 0.001537 51 4
1715375508 0.000093 0.000092 0.006689 0.006874 13 4
1715375509 0.000100 0.000095 0.001374 0.001569 58 4
1715375510 0.000086 0.000088 0.018398 0.018572 24 4
1715375511 0.000097 0.000090 0.001010 0.001197 46 4
1715375512 0.000092 0.000088 0.001441 0.001621 54 4
1715375513 0.000098 0.000095 0.001204 0.001397 52 4
1715375514 0.000096 0.000093 0.002508 0.002697 33 4
1715375515 0.000097 0.000093 0.004001 0.004191 61 4
1715375516 0.000089 0.000090 0.010367 0.010546 28 4
1715375517 0.000103 0.000096 0.000845 0.001044 52 4
1715375518 0.000095 0.000091 0.009486 0.009672 34 4
1715375519 0.000106 0.000091 0.000501 0.000698 88 4
1715375520 0.000097 0.000091 0.001355 0.001543 45 4
1715375521 0.000098 0.000092 0.006819 0.007009 36 4
1715375522 0.000096 0.000094 0.000706 0.000896 68 4
1715375523 0.000096 0.000088 0.002175 0.002359 36 4
1715375524 0.000097 0.000091 0.001964 0.002152 59 4
1715375525 0.000094 0.000092 0.014532 0.014718 20 4
1715375526 0.000091 0.000089 0.005265 0.005445 31 4
1715375527 0.000094 0.000092 0.001368 0.001554 50 4
1715375528 0.000094 0.000091 0.001920 0.002105 29 4
1715375529 0.000097 0.000090 0.003060 0.003247 50 4
1715375530 0.000134 0.000093 0.000911 0.001138 64 4
1715375531 0.000090 0.000097 0.004338 0.004525 48 4
1715375532 0.000103 0.000090 0.002427 0.002620 31 4
1715375533 0.000105 0.000095 0.000915 0.001115 60 4
1715375534 0.000099 0.000091 0.001759 0.001949 38 4
1715375535 0.000103 0.000090 0.000976 0.001169 61 4
1715375536 0.000120 0.000092 0.001700 0.001912 50 4
1715375537 0.000099 0.000094 0.002101 0.002294 48 4
1715375538 0.000096 0.000094 0.004876 0.005066 27 4
1715375539 0.000101 0.000089 2.042287 2.042477 17 4
1715375540 0.000111 0.000097 0.004202 0.004410 43 4
1715375541 0.000091 0.000089 0.003619 0.003799 27 4
1715375542 0.000126 0.000094 0.000548 0.000768 72 4
1715375543 0.000093 0.000092 0.005064 0.005249 48 4
1715375544 0.000081 0.000086 0.065099 0.065266 11 4
1715375545 0.000090 0.000092 0.005137 0.005319 20 4
1715375546 0.000102 0.000088 0.000387 0.000577 91 4
1715375547 0.000096 0.000091 0.010390 0.010577 36 4
1715375548 0.000091 0.000091 0.000899 0.001081 48 4
1715375549 0.000095 0.000091 0.000794 0.000980 45 4
1715375550 0.000091 0.000091 0.071893 0.072075 8 4
1715375551 0.000086 0.000089 0.007674 0.007849 10 4
1715375552 0.000095 0.000097 0.001051 0.001243 37 4
1715375553 0.000087 0.000090 0.001550 0.001727 26 4
1715375554 0.000088 0.000088 0.001088 0.001264 41 4
1715375555 0.000094 0.000092 0.000890 0.001076 47 4
1715375556 0.000092 0.000088 0.005569 0.005749 51 4
1715375557 0.000088 0.000089 0.005540 0.005717 19 4
1715375558 0.000088 0.000088 0.004049 0.004225 27 4
1715375559 0.000092 0.000089 0.003470 0.003651 32 4
1715375560 0.000098 0.000091 0.000629 0.000818 64 4
1715375561 0.000099 0.000089 0.010010 0.010198 56 4
1715375562 0.000102 0.000093 0.001320 0.001515 65 4
1715375563 0.000094 0.000089 0.003327 0.003510 16 4
1715375564 0.000100 0.000091 0.001017 0.001208 74 4
1715375565 0.000102 0.000094 0.000841 0.001037 49 4
1715375566 0.000092 0.000090 0.001050 0.001232 42 4
1715375567 0.000094 0.000089 0.014317 0.014500 36 4
1715375568 0.000095 0.000092 0.000831 0.001018 59 4
1715375569 0.000100 0.000092 0.001610 0.001802 56 4
1715375570 0.000086 0.000086 0.008951 0.009123 24 4
1715375571 0.000099 0.000093 0.001712 0.001904 52 4
1715375572 0.000094 0.000092 0.024839 0.025025 35 4
1715375573 0.000095 0.000092 0.001281 0.001468 57 4
1715375574 0.000091 0.000089 0.002762 0.002942 47 4
1715375575 0.000101 0.000093 0.002186 0.002380 42 4
1715375576 0.000095 0.000090 0.005733 0.005918 32 4
1715375577 0.000095 0.000093 0.001866 0.002054 34 4
1715375578 0.000089 0.000091 0.003189 0.003369 31 4
1715375579 0.000091 0.000090 0.009164 0.009345 24 4
1715375580 0.000102 0.000093 0.005916 0.006111 18 4
1715375581 0.000094 0.000090 0.002273 0.002457 49 4
1715375582 0.000094 0.000092 0.003261 0.003447 42 4
1715375583 0.000092 0.000090 0.011009 0.011191 42 4
1715375584 0.000086 0.000091 0.000753 0.000930 53 4
1715375585 0.000095 0.000089 0.002636 0.002820 45 4
1715375586 0.000089 0.000091 0.001707 0.001887 32 4
1715375587 0.000091 0.000090 0.001255 0.001436 36 4
1715375588 0.000096 0.000094 0.002761 0.002951 40 4
1715375589 0.000095 0.000092 0.002316 0.002503 28 4
1715375590 0.000101 0.000091 0.000812 0.001004 79 4
1715375591 0.000087 0.000090 0.027982 0.028159 24 4
1715375592 0.000090 0.000089 0.005168 0.005347 18 4
1715375593 0.000100 0.000093 0.003950 0.004143 57 4
1715375594 0.000097 0.000093 0.000695 0.000885 57 4
1715375595 0.000097 0.000088 0.000653 0.000838 61 4
1715375596 0.000085 0.000086 0.011550 0.011721 21 4
1715375597 0.000094 0.000090 0.002516 0.002700 47 4
1715375598 0.000099 0.000094 0.002360 0.002553 45 4
1715375599 0.000096 0.000092 0.001128 0.001316 41 4
1715375600 0.000091 0.000090 0.012338 0.012519 25 4
1715375601 0.000093 0.000090 0.009617 0.009800 9 4
1715375602 0.000097 0.000088 0.001253 0.001438 52 4
1715375603 0.000088 0.000088 0.003384 0.003560 31 4
1715375604 0.000090 0.000091 0.006269 0.006450 24 4
1715375605 0.000099 0.000089 0.001216 0.001404 55 4
1715375606 0.000094 0.000094 0.001096 0.001284 42 4
1715375607 0.000088 0.000089 0.002865 0.003042 23 4
1715375608 0.000092 0.000091 0.008927 0.009110 27 4
1715375609 0.000083 0.000087 0.073518 0.073688 7 4
1715375610 0.000098 0.000094 0.002780 0.002972 40 4
1715375611 0.000091 0.000089 0.001895 0.002075 28 4
1715375612 0.000098 0.000088 0.001406 0.001592 65 4
1715375613 0.000091 0.000089 0.007554 0.007734 17 4
1715375614 0.000097 0.000092 0.001617 0.001806 48 4
1715375615 0.000091 0.000089 0.002506 0.002686 38 4
1715375616 0.000093 0.000090 0.014741 0.014924 33 4
1715375617 0.000089 0.000089 0.028559 0.028737 17 4
1715375618 0.000089 0.000091 0.002453 0.002633 44 4
1715375619 0.000089 0.000089 0.002671 0.002849 34 4
1715375620 0.000115 0.000090 0.003817 0.004022 27 4
1715375621 0.000094 0.000089 0.001986 0.002169 48 4
1715375622 0.000094 0.000089 0.001082 0.001265 46 4
1715375623 0.000100 0.000090 0.000605 0.000795 68 4
1715375624 0.000095 0.000089 0.001080 0.001264 32 4
1715375625 0.000100 0.000092 0.000863 0.001055 64 4
1715375626 0.000094 0.000091 0.000777 0.000962 67 4
1715375627 0.000102 0.000091 0.000525 0.000718 75 4
1715375628 0.000091 0.000089 0.010815 0.010995 22 4
1715375629 0.000088 0.000089 0.023495 0.023672 19 4
1715375630 0.000099 0.000093 0.000765 0.000957 70 4
1715375631 0.000097 0.000092 0.013236 0.013425 36 4
1715375632 0.000087 0.000088 0.315494 0.315669 13 4
1715375633 0.000095 0.000095 0.009979 0.010169 22 4
1715375634 0.000092 0.000090 0.008478 0.008660 23 4
1715375635 0.000087 0.000089 0.026716 0.026892 10 4
1715375636 0.000092 0.000091 0.017157 0.017340 34 4
1715375637 0.000090 0.000091 0.037738 0.037919 17 4
1715375638 0.000094 0.000092 0.001896 0.002082 30 4
1715375639 0.000116 0.000092 0.001582 0.001790 73 4
1715375640 0.000101 0.000089 0.001450 0.001640 51 4
1715375641 0.000095 0.000089 0.000786 0.000970 59 4
1715375642 0.000099 0.000093 0.001913 0.002105 47 4
1715375643 0.000089 0.000089 0.010483 0.010661 38 4
1715375644 0.000098 0.000090 0.001536 0.001724 40 4
1715375645 0.000092 0.000090 0.003169 0.003351 28 4
1715375646 0.000096 0.000090 0.005710 0.005896 40 4
1715375647 0.000095 0.000090 0.000730 0.000915 67 4
1715375648 0.000090 0.000090 0.001420 0.001600 44 4
1715375649 0.000101 0.000091 0.001023 0.001215 74 4
1715375650 0.000094 0.000091 0.011114 0.011299 13 4
1715375651 0.000087 0.000089 0.006692 0.006868 25 4
1715375652 0.000098 0.000093 0.004106 0.004297 35 4
1715375653 0.000089 0.000092 0.001368 0.001549 48 4
1715375654 0.000093 0.000089 0.002405 0.002587 54 4
1715375655 0.000085 0.000088 0.004488 0.004661 30 4
1715375656 0.000090 0.000089 0.008213 0.008392 28 4
1715375657 0.000096 0.000096 0.006715 0.006907 29 4
1715375658 0.000093 0.000093 0.042375 0.042561 35 4
1715375659 0.000094 0.000094 0.000850 0.001038 32 4
1715375660 0.000090 0.000092 0.019240 0.019422 26 4
1715375661 0.000097 0.000093 0.001128 0.001318 36 4
1715375662 0.000098 0.000091 0.002179 0.002368 65 4
1715375663 0.000098 0.000092 0.001162 0.001352 61 4
1715375664 0.000093 0.000089 0.006638 0.006820 51 4
1715375665 0.000092 0.000089 0.064555 0.064736 15 4
1715375666 0.000090 0.000094 0.033565 0.033749 21 4
1715375667 0.000098 0.000094 0.001048 0.001240 54 4
1715375668 0.000101 0.000092 0.001472 0.001665 45 4
1715375669 0.000099 0.000092 0.000812 0.001003 78 4
1715375670 0.000094 0.000091 0.002556 0.002741 49 4
1715375671 0.000103 0.000095 0.002789 0.002987 51 4
1715375672 0.000097 0.000089 0.000933 0.001119 67 4
1715375673 0.000090 0.000087 0.001276 0.001453 29 4
1715375674 0.000094 0.000093 0.003287 0.003474 45 4
1715375675 0.000093 0.000091 0.002105 0.002289 44 4
1715375676 0.000106 0.000092 0.000279 0.000477 107 4
1715375677 0.000092 0.000091 0.021230 0.021413 29 4
1715375678 0.000091 0.000093 0.003521 0.003705 38 4
1715375679 0.000093 0.000092 0.004747 0.004932 41 4
1715375680 0.000100 0.000090 0.001331 0.001521 56 4
1715375681 0.000094 0.000090 0.002179 0.002363 39 4
1715375682 0.000097 0.000093 0.001012 0.001202 51 4
1715375683 0.000094 0.000092 0.002072 0.002258 23 4
1715375684 0.000096 0.000093 0.001734 0.001923 56 4
1715375685 0.000090 0.000090 0.013723 0.013903 12 4
1715375686 0.000092 0.000092 0.003968 0.004152 37 4
1715375687 0.000093 0.000091 0.001586 0.001770 58 4
1715375688 0.000098 0.000093 0.000634 0.000825 59 4
1715375689 0.000092 0.000088 0.002143 0.002323 39 4
1715375690 0.000098 0.000091 0.001822 0.002011 57 4
1715375691 0.000091 0.000089 0.001383 0.001563 57 4
1715375692 0.000095 0.000092 0.001138 0.001325 53 4
1715375693 0.000085 0.000088 0.002305 0.002478 33 4
1715375694 0.000098 0.000092 0.002806 0.002996 36 4
1715375695 0.000115 0.000093 0.000729 0.000937 73 4
1715375696 0.000096 0.000092 0.004281 0.004469 38 4
1715375697 0.000099 0.000092 0.000881 0.001072 45 4
1715375698 0.000093 0.000091 0.000890 0.001074 52 4
1715375699 0.000118 0.000093 0.004980 0.005191 32 4
1715375700 0.000091 0.000090 0.001699 0.001880 40 4
1715375701 0.000095 0.000092 0.005251 0.005438 6 4
1715375702 0.000097 0.000089 0.000911 0.001097 58 4
1715375703 0.000093 0.000090 0.003011 0.003194 16 4
1715375704 0.000092 0.000089 0.002161 0.002342 26 4
1715375705 0.000093 0.000093 0.004576 0.004762 43 4
1715375706 0.000094 0.000093 0.007475 0.007662 20 4
1715375707 0.000087 0.000089 0.002566 0.002742 23 4
1715375708 0.000086 0.000088 0.008062 0.008236 16 4
1715375709 0.000097 0.000094 0.001129 0.001320 58 4
1715375710 0.000093 0.000093 0.003022 0.003208 38 4
1715375711 0.000098 0.000090 0.001098 0.001286 53 4
1715375712 0.000096 0.000090 0.001256 0.001442 68 4
1715375713 0.000090 0.000091 0.001827 0.002008 58 4
1715375714 0.000095 0.000093 0.001381 0.001569 48 4
1715375715 0.000093 0.000091 0.004453 0.004637 30 4
1715375716 0.000091 0.000088 0.001839 0.002018 28 4
1715375717 0.000096 0.000093 0.050108 0.050297 18 4
1715375718 0.000092 0.000094 0.027202 0.027388 23 4
1715375719 0.000095 0.000093 0.001758 0.001946 41 4
1715375720 0.000101 0.000087 0.017269 0.017457 34 4
1715375721 0.000088 0.000090 0.001263 0.001441 21 4
1715375722 0.000090 0.000091 0.002903 0.003084 37 4
1715375723 0.000096 0.000093 0.003915 0.004104 34 4
1715375724 0.000090 0.000089 0.002940 0.003119 3 4
1715375725 0.000092 0.000091 0.000821 0.001004 49 4
1715375726 0.000102 0.000095 0.001057 0.001254 62 4
1715375727 0.000084 0.000088 0.007546 0.007718 18 4
1715375728 0.000103 0.000094 0.000723 0.000920 82 4
1715375729 0.000090 0.000092 0.002420 0.002602 23 4
1715375730 0.000100 0.000092 0.001054 0.001246 56 4
1715375731 0.000093 0.000091 0.003226 0.003410 32 4
1715375732 0.000102 0.000095 0.000845 0.001042 68 4
1715375733 0.000095 0.000092 0.001758 0.001945 50 4
1715375734 0.000095 0.000089 0.003746 0.003930 35 4
1715375735 0.000096 0.000088 0.000844 0.001028 62 4
1715375736 0.000094 0.000088 0.001755 0.001937 51 4
1715375737 0.000083 0.000086 0.016379 0.016548 11 4
1715375738 0.000095 0.000093 0.015817 0.016005 28 4
1715375739 0.000090 0.000092 0.007153 0.007335 35 4
1715375740 0.000093 0.000092 0.002098 0.002283 26 4
1715375741 0.000095 0.000090 0.004711 0.004896 57 4
1715375742 0.000096 0.000091 0.001384 0.001571 66 4
1715375743 0.000093 0.000091 0.007159 0.007343 15 4
1715375744 0.000094 0.000092 0.001401 0.001587 55 4
1715375745 0.000089 0.000092 0.329970 0.330151 20 4
1715375746 0.000108 0.000099 0.000800 0.001007 60 4
1715375747 0.000096 0.000090 0.000654 0.000840 63 4
1715375748 0.000096 0.000091 0.002234 0.002421 23 4
1715375749 0.000092 0.000090 0.001295 0.001477 55 4
1715375750 0.000092 0.000091 0.003886 0.004069 21 4
1715375751 0.000089 0.000089 0.003475 0.003653 9 4
1715375752 0.000100 0.000094 0.001871 0.002065 35 4
1715375753 0.000095 0.000089 0.000584 0.000768 65 4
1715375754 0.000090 0.000090 0.019155 0.019335 29 4
1715375755 0.000098 0.000092 0.005179 0.005369 40 4
1715375756 0.000094 0.000090 0.001135 0.001319 64 4
1715375757 0.000094 0.000089 0.008853 0.009036 24 4
1715375758 0.000092 0.000092 0.004403 0.004587 50 4
1715375759 0.000103 0.000093 0.000521 0.000717 78 4
1715375760 0.000092 0.000090 0.007713 0.007895 28 4
1715375761 0.000095 0.000090 0.001283 0.001468 61 4
1715375762 0.000097 0.000092 0.000780 0.000969 61 4
1715375763 0.000108 0.000094 0.003070 0.003272 62 4
1715375764 0.000098 0.000091 0.000953 0.001142 50 4
1715375765 0.000087 0.000088 0.002420 0.002595 15 4
1715375766 0.000096 0.000091 0.001956 0.002143 46 4
1715375767 0.000096 0.000090 0.001034 0.001220 49 4
1715375768 0.000095 0.000092 0.003524 0.003711 37 4
1715375769 0.000088 0.000088 0.015458 0.015634 9 4
1715375770 0.000095 0.000090 0.001868 0.002053 46 4
1715375771 0.000089 0.000091 0.019812 0.019992 7 4
1715375772 0.000091 0.000091 0.001982 0.002164 43 4
1715375773 0.000088 0.000090 0.031930 0.032108 20 4
1715375774 0.000087 0.000090 0.076773 0.076950 18 4
1715375775 0.000104 0.000095 0.001420 0.001619 71 4
1715375776 0.000079 0.000084 0.002631 0.002794 5 4
1715375777 0.000107 0.000091 0.000458 0.000656 87 4
1715375778 0.000117 0.000090 0.001809 0.002016 35 4
1715375779 0.000090 0.000089 0.007349 0.007528 35 4
1715375780 0.000098 0.000094 0.000899 0.001091 60 4
1715375781 0.000100 0.000092 0.000779 0.000971 58 4
1715375782 0.000096 0.000091 0.002698 0.002885 39 4
1715375783 0.000098 0.000092 0.004516 0.004706 41 4
1715375784 0.000097 0.000091 0.003492 0.003680 36 4
1715375785 0.000092 0.000091 0.023916 0.024099 22 4
1715375786 0.000093 0.000088 0.004183 0.004364 34 4
1715375787 0.000097 0.000091 0.001581 0.001769 48 4
1715375788 0.000097 0.000093 0.000790 0.000980 56 4
1715375789 0.000095 0.000091 0.017391 0.017577 29 4
1715375790 0.000096 0.000094 0.002132 0.002322 56 4
1715375791 0.000098 0.000093 0.002108 0.002299 32 4
1715375792 0.000099 0.000090 0.003217 0.003406 34 4
1715375793 0.000093 0.000090 0.001605 0.001788 53 4
1715375794 0.000101 0.000092 0.003300 0.003493 69 4
1715375795 0.000095 0.000093 0.000919 0.001107 46 4
1715375796 0.000095 0.000093 0.032085 0.032273 18 4
1715375797 0.000098 0.000093 0.007916 0.008107 45 4
1715375798 0.000091 0.000090 0.001352 0.001533 42 4
1715375799 0.000098 0.000092 0.001778 0.001968 40 4
1715375800 0.000095 0.000090 0.001910 0.002095 51 4
1715375801 0.000090 0.000089 0.005585 0.005764 40 4
1715375802 0.000097 0.000091 0.001690 0.001878 57 4
1715375803 0.000096 0.000092 0.000815 0.001003 52 4
1715375804 0.000094 0.000089 0.007031 0.007214 36 4
1715375805 0.000099 0.000091 0.001748 0.001938 37 4
1715375806 0.000095 0.000090 0.001802 0.001987 28 4
1715375807 0.000093 0.000091 0.011897 0.012081 21 4
1715375808 0.000092 0.000088 0.004014 0.004194 42 4
1715375809 0.000095 0.000092 0.003541 0.003728 35 4
1715375810 0.000116 0.000095 0.000494 0.000705 82 4
1715375811 0.000096 0.000088 0.002512 0.002696 31 4
1715375812 0.000102 0.000092 0.000752 0.000946 65 4
1715375813 0.000089 0.000089 0.103471 0.103649 12 4
1715375814 0.000111 0.000092 0.008824 0.009027 18 4
1715375815 0.000102 0.000095 0.000686 0.000883 60 4
1715375816 0.000097 0.000091 0.002398 0.002586 55 4
1715375817 0.000096 0.000091 0.003660 0.003847 48 4
1715375818 0.000097 0.000092 0.002454 0.002643 56 4
1715375819 0.000103 0.000090 0.002661 0.002854 47 4
1715375820 0.000090 0.000089 0.003086 0.003265 17 4
1715375821 0.000109 0.000091 0.000772 0.000972 54 4
1715375822 0.000097 0.000089 0.005102 0.005288 22 4
1715375823 0.000110 0.000094 0.001764 0.001968 41 4
1715375824 0.000104 0.000110 0.001326 0.001540 55 4
1715375825 0.000099 0.000091 0.002915 0.003105 42 4
1715375826 0.000092 0.000087 0.063990 0.064169 4 4
1715375827 0.000110 0.000092 0.003951 0.004153 30 4
1715375828 0.000104 0.000093 0.001219 0.001416 45 4
1715375829 0.000110 0.000089 0.000643 0.000842 76 4
1715375830 0.000128 0.000091 0.000897 0.001116 45 4
1715375831 0.000092 0.000092 0.001899 0.002083 33 4
1715375832 0.000092 0.000095 0.004043 0.004230 18 4
1715375833 0.000103 0.000090 0.004597 0.004790 25 4
1715375834 0.000111 0.000091 0.004338 0.004540 36 4
1715375835 0.000107 0.000094 0.003698 0.003899 50 4
1715375836 0.000102 0.000091 0.000761 0.000954 68 4
1715375837 0.000103 0.000092 0.001595 0.001790 45 4
1715375838 0.000096 0.000093 0.002004 0.002193 41 4
1715375839 0.000140 0.000089 0.033727 0.033956 11 4
1715375840 0.000103 0.000092 0.003514 0.003709 42 4
1715375841 0.000103 0.000093 0.003774 0.003970 36 4
1715375842 0.000110 0.000096 0.000868 0.001074 48 4
1715375843 0.000104 0.000090 0.001682 0.001876 45 4
1715375844 0.000117 0.000089 0.001092 0.001298 32 4
1715375845 0.000104 0.000091 0.005275 0.005470 44 4
1715375846 0.000108 0.000092 0.002648 0.002848 26 4
1715375847 0.000098 0.000091 0.002949 0.003138 54 4
1715375848 0.000105 0.000094 0.001760 0.001959 31 4
1715375849 0.000119 0.000095 0.001340 0.001554 51 4
1715375850 0.000120 0.000090 0.000623 0.000833 64 4
1715375851 0.000101 0.000090 0.001219 0.001410 44 4
1715375852 0.000101 0.000091 0.000868 0.001060 53 4
1715375853 0.000103 0.000089 0.000745 0.000937 71 4
1715375854 0.000110 0.000093 0.018625 0.018828 30 4
1715375855 0.000103 0.000092 0.001249 0.001444 56 4
1715375856 0.000101 0.000089 0.004207 0.004397 45 4
1715375857 0.000099 0.000093 0.001678 0.001870 26 4
1715375858 0.000100 0.000091 0.004580 0.004771 42 4
1715375859 0.000122 0.000093 0.000330 0.000545 97 4
1715375860 0.000103 0.000097 0.001173 0.001373 60 4
1715375861 0.000095 0.000094 0.009547 0.009736 21 4
1715375862 0.000109 0.000093 0.000831 0.001033 46 4
1715375863 0.000122 0.000091 0.000955 0.001168 52 4
1715375864 0.000100 0.000091 0.001615 0.001806 34 4
1715375865 0.000101 0.000091 0.003423 0.003615 25 4
1715375866 0.000102 0.000094 0.028866 0.029062 33 4
1715375867 0.000103 0.000094 0.001499 0.001696 30 4
1715375868 0.000114 0.000094 0.005394 0.005602 45 4
1715375869 0.000106 0.000093 0.000896 0.001095 50 4
1715375870 0.000104 0.000095 0.003864 0.004063 32 4
1715375871 0.000104 0.000094 0.001299 0.001497 34 4
1715375872 0.000101 0.000090 0.001815 0.002006 20 4
1715375873 0.000111 0.000091 0.002590 0.002792 33 4
1715375874 0.000097 0.000089 0.007788 0.007974 30 4
1715375875 0.000095 0.000090 0.047507 0.047692 17 4
1715375876 0.000110 0.000097 0.001526 0.001733 51 4
1715375877 0.000102 0.000091 0.005720 0.005913 19 4
1715375878 0.000126 0.000093 0.002936 0.003155 52 4
1715375879 0.000088 0.000090 0.045252 0.045430 15 4
1715375880 0.000113 0.000095 0.001253 0.001461 55 4
1715375881 0.000104 0.000089 0.000806 0.000999 61 4
1715375882 0.000105 0.000087 0.017054 0.017246 23 4
1715375883 0.000126 0.000091 0.001479 0.001696 53 4
1715375884 0.000109 0.000096 0.002376 0.002581 51 4
1715375885 0.000096 0.000089 0.005723 0.005908 33 4
1715375886 0.000114 0.000095 0.000407 0.000616 90 4
1715375887 0.000092 0.000090 0.007856 0.008038 28 4
1715375888 0.000121 0.000097 0.002118 0.002336 35 4
1715375889 0.000106 0.000091 0.001883 0.002080 56 4
1715375890 0.000116 0.000095 0.004450 0.004661 44 4
1715375891 0.000097 0.000093 0.002608 0.002798 22 4
1715375892 0.000136 0.000096 0.000614 0.000846 79 4
1715375893 0.000101 0.000098 0.000978 0.001177 44 4
1715375894 0.000104 0.000088 0.001370 0.001562 55 4
1715375895 0.000097 0.000088 0.001852 0.002037 26 4
1715375896 0.000108 0.000096 0.001587 0.001791 69 4
1715375897 0.000108 0.000088 0.001201 0.001397 39 4
1715375898 0.000100 0.000092 0.001687 0.001879 46 4
1715375899 0.000092 0.000087 0.068663 0.068842 8 4
1715375900 0.000111 0.000092 0.454824 0.455027 16 4
1715375901 0.000101 0.000096 0.001160 0.001357 58 4
1715375902 0.000103 0.000092 0.000820 0.001015 72 4
1715375903 0.000101 0.000090 0.001171 0.001362 44 4
1715375904 0.000114 0.000096 0.002430 0.002640 52 4
1715375905 0.000103 0.000093 0.035502 0.035698 53 4
1715375906 0.000099 0.000093 0.002049 0.002241 34 4
1715375907 0.000096 0.000093 0.001908 0.002097 53 4
1715375908 0.000093 0.000091 0.071523 0.071707 23 4
1715375909 0.000098 0.000096 0.012315 0.012509 37 4
1715375910 0.000093 0.000091 0.007318 0.007502 25 4
1715375911 0.000095 0.000091 0.001355 0.001541 55 4
1715375912 0.000097 0.000090 0.012684 0.012871 41 4
1715375913 0.000103 0.000094 0.000537 0.000734 86 4
1715375914 0.000097 0.000093 0.002386 0.002576 40 4
1715375915 0.000099 0.000092 0.000555 0.000746 78 4
1715375916 0.000094 0.000104 0.002325 0.002523 24 4
1715375917 0.000091 0.000090 0.007027 0.007208 24 4
1715375918 0.000103 0.000097 0.001709 0.001909 58 4
1715375919 0.000092 0.000091 0.007873 0.008056 47 4
1715375920 0.000094 0.000089 0.001271 0.001454 53 4
1715375921 0.000097 0.000093 0.005497 0.005687 21 4
1715375922 0.000097 0.000093 0.000664 0.000854 72 4
1715375923 0.000095 0.000090 0.005722 0.005907 33 4
1715375924 0.000098 0.000091 0.001663 0.001852 52 4
1715375925 0.000096 0.000092 0.002816 0.003004 43 4
1715375926 0.000102 0.000096 0.001141 0.001339 51 4
1715375927 0.000090 0.000089 0.003287 0.003466 24 4
1715375928 0.000088 0.000089 0.033564 0.033741 29 4
1715375929 0.000091 0.000095 0.007683 0.007869 22 4
1715375930 0.000090 0.000091 0.040065 0.040246 20 4
1715375931 0.000098 0.000093 0.005836 0.006027 23 4
1715375932 0.000098 0.000093 0.000916 0.001107 53 4
1715375933 0.000098 0.000091 0.001626 0.001815 34 4
1715375934 0.000095 0.000090 0.002331 0.002516 38 4
1715375935 0.000099 0.000093 0.029771 0.029963 42 4
1715375936 0.000098 0.000094 0.006504 0.006696 27 4
1715375937 0.000098 0.000093 0.001482 0.001673 52 4
1715375938 0.000090 0.000088 0.004657 0.004835 27 4
1715375939 0.000105 0.000092 0.000630 0.000827 65 4
1715375940 0.000089 0.000090 0.084278 0.084457 23 4
1715375941 0.000097 0.000093 0.004351 0.004541 40 4
1715375942 0.000091 0.000094 0.004812 0.004997 37 4
1715375943 0.000091 0.000092 0.003991 0.004174 31 4
1715375944 0.000090 0.000089 0.003720 0.003899 34 4
1715375945 0.000096 0.000091 0.001217 0.001404 38 4
1715375946 0.000095 0.000095 0.001067 0.001257 57 4
1715375947 0.000097 0.000090 0.001767 0.001954 61 4
1715375948 0.000096 0.000093 0.002276 0.002465 32 4
1715375949 0.000099 0.000090 0.006490 0.006679 48 4
1715375950 0.000099 0.000092 0.007496 0.007687 47 4
1715375951 0.000099 0.000094 0.004595 0.004788 28 4
1715375952 0.000090 0.000088 0.004275 0.004453 20 4
1715375953 0.000099 0.000093 0.001982 0.002174 61 4
1715375954 0.000094 0.000092 0.007705 0.007891 17 4
1715375955 0.000098 0.000095 0.003804 0.003997 49 4
1715375956 0.000090 0.000088 0.845693 0.845871 15 4
1715375957 0.000092 0.000093 0.033046 0.033231 24 4
1715375958 0.000096 0.000093 0.000640 0.000829 62 4
1715375959 0.000098 0.000089 0.000852 0.001039 78 4
1715375960 0.000098 0.000093 0.000698 0.000889 60 4
1715375961 0.000096 0.000092 0.005386 0.005574 29 4
1715375962 0.000100 0.000091 0.008228 0.008419 30 4
1715375963 0.000109 0.000094 0.002047 0.002250 30 4
1715375964 0.000123 0.000097 0.000777 0.000997 73 4
1715375965 0.000109 0.000096 0.008320 0.008525 34 4
1715375966 0.000109 0.000100 0.002258 0.002467 53 4
1715375967 0.000116 0.000095 0.023661 0.023872 27 4
1715375968 0.000089 0.000087 0.004534 0.004710 30 4
1715375969 0.000095 0.000091 0.002146 0.002332 46 4
1715375970 0.000097 0.000093 0.000858 0.001048 54 4
1715375971 0.000096 0.000091 0.008167 0.008354 24 4
1715375972 0.000086 0.000087 0.046659 0.046832 3 4
1715375973 0.000094 0.000092 0.028787 0.028973 11 4
1715375974 0.000096 0.000093 0.001498 0.001687 49 4
1715375975 0.000093 0.000091 0.000917 0.001101 54 4
1715375976 0.000104 0.000093 0.001755 0.001952 50 4
1715375977 0.000092 0.000088 0.061237 0.061417 36 4
1715375978 0.000097 0.000095 0.000728 0.000920 69 4
1715375979 0.000100 0.000092 0.000966 0.001158 73 4
1715375980 0.000089 0.000088 0.025711 0.025888 13 4
1715375981 0.000098 0.000092 0.002811 0.003001 29 4
1715375982 0.000088 0.000090 0.018471 0.018649 18 4
1715375983 0.000098 0.000094 0.001168 0.001360 77 4
1715375984 0.000099 0.000090 0.001344 0.001533 76 4
1715375985 0.000095 0.000089 0.034972 0.035156 28 4
1715375986 0.000091 0.000092 0.006075 0.006258 20 4
1715375987 0.000093 0.000093 0.005672 0.005858 36 4
1715375988 0.000100 0.000091 0.001225 0.001416 51 4
1715375989 0.000096 0.000090 0.004302 0.004488 52 4
1715375990 0.000102 0.000089 0.000434 0.000625 86 4
1715375991 0.000087 0.000088 0.092285 0.092460 10 4
1715375992 0.000099 0.000094 0.002739 0.002932 57 4
1715375993 0.000092 0.000092 0.001002 0.001186 58 4
1715375994 0.000090 0.000089 0.028633 0.028812 16 4
1715375995 0.000093 0.000092 0.001360 0.001545 49 4
1715375996 0.000098 0.000090 0.004893 0.005081 38 4
1715375997 0.000094 0.000091 0.001348 0.001533 30 4
1715375998 0.000090 0.000094 0.002301 0.002485 40 4
1715375999 0.000098 0.000092 0.000952 0.001142 62 4
1715376000 0.000096 0.000093 0.004396 0.004585 52 4
1715376001 0.000093 0.000091 0.001504 0.001688 56 4
1715376002 0.000092 0.000090 0.001869 0.002051 37 4
1715376003 0.000093 0.000092 0.003208 0.003393 55 4
1715376004 0.000095 0.000089 0.000725 0.000909 67 4
1715376005 0.000089 0.000088 0.034574 0.034751 2 4
1715376006 0.000097 0.000094 0.001094 0.001285 50 4
1715376007 0.000093 0.000089 0.002216 0.002398 45 4
1715376008 0.000095 0.000090 0.020873 0.021058 38 4
1715376009 0.000096 0.000092 0.001459 0.001647 37 4
1715376010 0.000095 0.000093 0.001503 0.001691 36 4
1715376011 0.000094 0.000089 0.014601 0.014784 19 4
1715376012 0.000095 0.000092 0.003905 0.004092 29 4
1715376013 0.000096 0.000092 0.000810 0.000998 68 4
1715376014 0.000095 0.000090 0.038117 0.038302 18 4
1715376015 0.000097 0.000093 0.001520 0.001710 66 4
1715376016 0.000097 0.000090 0.000869 0.001056 51 4
1715376017 0.000100 0.000092 0.001319 0.001511 65 4
1715376018 0.000098 0.000092 0.002059 0.002249 68 4
1715376019 0.000096 0.000092 0.002990 0.003178 37 4
1715376020 0.000101 0.000094 0.001122 0.001317 36 4
1715376021 0.000087 0.000086 0.025039 0.025212 18 4
1715376022 0.000093 0.000091 0.022048 0.022232 28 4
1715376023 0.000091 0.000090 0.001370 0.001551 41 4
1715376024 0.000091 0.000091 0.001728 0.001910 39 4
1715376025 0.000092 0.000091 0.002518 0.002701 22 4
1715376026 0.000096 0.000092 0.001453 0.001641 44 4
1715376027 0.000099 0.000090 0.000699 0.000888 68 4
1715376028 0.000094 0.000093 0.000967 0.001154 42 4
1715376029 0.000095 0.000091 0.002625 0.002811 34 4
1715376030 0.000086 0.000088 0.005499 0.005673 7 4
1715376031 0.000084 0.000089 0.100572 0.100745 13 4
1715376032 0.000103 0.000095 0.000639 0.000837 77 4
1715376033 0.000087 0.000089 0.005870 0.006046 26 4
1715376034 0.000097 0.000092 0.034294 0.034483 20 4
1715376035 0.000089 0.000090 0.005243 0.005422 33 4
1715376036 0.000083 0.000090 0.007833 0.008006 25 4
1715376037 0.000093 0.000092 0.003546 0.003731 28 4
1715376038 0.000097 0.000090 0.006778 0.006965 29 4
1715376039 0.000091 0.000089 0.002299 0.002479 25 4
1715376040 0.000090 0.000091 0.002155 0.002336 38 4
1715376041 0.000094 0.000091 0.005911 0.006096 44 4
1715376042 0.000085 0.000087 0.067900 0.068072 13 4
1715376043 0.000102 0.000100 0.001032 0.001234 71 4
1715376044 0.000080 0.000089 0.001758 0.001927 31 4
1715376045 0.000098 0.000092 0.000555 0.000745 70 4
1715376046 0.000096 0.000092 0.001020 0.001208 59 4
1715376047 0.000107 0.000093 0.000551 0.000751 87 4
1715376048 0.000097 0.000093 0.000716 0.000906 66 4
1715376049 0.000096 0.000093 0.007855 0.008044 30 4
1715376050 0.000095 0.000092 0.001044 0.001231 50 4
1715376051 0.000096 0.000093 0.000943 0.001132 56 4
1715376052 0.000096 0.000091 0.010932 0.011119 54 4
1715376053 0.000096 0.000093 0.002087 0.002276 34 4
1715376054 0.000094 0.000092 0.003576 0.003762 47 4
1715376055 0.000096 0.000091 0.001046 0.001233 56 4
1715376056 0.000096 0.000094 0.003019 0.003209 32 4
1715376057 0.000099 0.000092 0.002758 0.002949 58 4
1715376058 0.000095 0.000094 0.004528 0.004717 33 4
1715376059 0.000098 0.000091 0.001515 0.001704 71 4
1715376060 0.000092 0.000091 0.001501 0.001684 32 4
1715376061 0.000093 0.000091 0.001218 0.001402 43 4
1715376062 0.000094 0.000089 0.003327 0.003510 25 4
1715376063 0.000099 0.000092 0.004097 0.004288 57 4
1715376064 0.000101 0.000090 0.000430 0.000621 96 4
1715376065 0.000094 0.000090 0.004027 0.004211 47 4
1715376066 0.000093 0.000090 0.012652 0.012835 13 4
1715376067 0.000090 0.000089 0.005157 0.005336 31 4
1715376068 0.000096 0.000093 0.002363 0.002552 27 4
1715376069 0.000087 0.000087 0.009247 0.009421 14 4
1715376070 0.000099 0.000092 0.001147 0.001338 61 4
1715376071 0.000094 0.000092 0.002304 0.002490 35 4
1715376072 0.000096 0.000091 0.001556 0.001743 49 4
1715376073 0.000097 0.000091 0.000895 0.001083 60 4
1715376074 0.000090 0.000088 0.002048 0.002226 33 4
1715376075 0.000093 0.000091 0.002369 0.002553 27 4
1715376076 0.000101 0.000093 0.002553 0.002747 59 4
1715376077 0.000093 0.000086 0.035907 0.036086 47 4
1715376078 0.000088 0.000090 0.003008 0.003186 19 4
1715376079 0.000092 0.000091 0.013754 0.013937 37 4
1715376080 0.000099 0.000092 0.001160 0.001351 49 4
1715376081 0.000089 0.000087 0.002112 0.002288 58 4
1715376082 0.000097 0.000091 0.001572 0.001760 52 4
1715376083 0.000089 0.000089 0.001093 0.001271 45 4
1715376084 0.000097 0.000090 0.001230 0.001417 60 4
1715376085 0.000095 0.000090 0.001310 0.001495 55 4
1715376086 0.000093 0.000092 0.009046 0.009231 33 4
1715376087 0.000096 0.000091 0.002418 0.002605 27 4
1715376088 0.000097 0.000090 0.001637 0.001824 35 4
1715376089 0.000093 0.000090 0.002294 0.002477 46 4
1715376090 0.000098 0.000090 0.001116 0.001304 44 4
1715376091 0.000089 0.000089 0.005803 0.005981 24 4
1715376092 0.000099 0.000091 0.003993 0.004183 48 4
1715376093 0.000100 0.000091 0.001237 0.001428 52 4
1715376094 0.000097 0.000090 0.003638 0.003825 69 4
1715376095 0.000099 0.000093 0.001163 0.001355 45 4
1715376096 0.000081 0.000085 0.030383 0.030549 9 4
1715376097 0.000095 0.000090 0.000763 0.000948 69 4
1715376098 0.000092 0.000089 0.003221 0.003402 36 4
1715376099 0.000092 0.000090 0.002797 0.002979 36 4
1715376100 0.000094 0.000093 0.002035 0.002222 44 4
1715376101 0.000101 0.000093 0.001098 0.001292 61 4
1715376102 0.000090 0.000087 0.004856 0.005033 39 4
1715376103 0.000100 0.000092 0.004594 0.004786 60 4
1715376104 0.000098 0.000094 0.002745 0.002937 21 4
1715376105 0.000087 0.000091 0.174980 0.175158 13 4
1715376106 0.000095 0.000097 0.003338 0.003530 25 4
1715376107 0.000100 0.000089 0.000947 0.001136 75 4
1715376108 0.000092 0.000090 0.003105 0.003287 14 4
1715376109 0.000096 0.000091 0.001121 0.001308 41 4
1715376110 0.000095 0.000091 0.003816 0.004002 25 4
1715376111 0.000098 0.000093 0.002038 0.002229 43 4
1715376112 0.000098 0.000092 0.038406 0.038596 23 4
1715376113 0.000096 0.000093 0.002569 0.002758 27 4
1715376114 0.000096 0.000089 0.000521 0.000706 80 4
1715376115 0.000089 0.000089 0.017086 0.017264 24 4
1715376116 0.000094 0.000089 0.001166 0.001349 53 4
1715376117 0.000089 0.000090 0.008310 0.008489 33 4
1715376118 0.000094 0.000090 0.016747 0.016931 35 4
1715376119 0.000093 0.000090 0.003932 0.004115 32 4
1715376120 0.000093 0.000088 0.000780 0.000961 48 4
1715376121 0.000088 0.000085 0.007710 0.007883 15 4
1715376122 0.000087 0.000088 0.064056 0.064231 13 4
1715376123 0.000097 0.000096 0.005472 0.005665 32 4
1715376124 0.000095 0.000093 0.007359 0.007547 31 4
1715376125 0.000097 0.000091 0.001626 0.001814 35 4
1715376126 0.000098 0.000096 0.000563 0.000757 76 4
1715376127 0.000094 0.000094 0.004040 0.004228 42 4
1715376128 0.000083 0.000088 0.128674 0.128845 3 4
1715376129 0.000096 0.000092 0.008481 0.008669 28 4
1715376130 0.000099 0.000088 0.000375 0.000562 95 4
1715376131 0.000091 0.000090 0.006226 0.006407 22 4
1715376132 0.000093 0.000092 0.000971 0.001156 41 4
1715376133 0.000094 0.000096 0.001803 0.001993 46 4
1715376134 0.000095 0.000090 0.000725 0.000910 63 4
1715376135 0.000096 0.000092 0.003100 0.003288 43 4
1715376136 0.000101 0.000090 0.000623 0.000814 67 4
1715376137 0.000098 0.000094 0.000929 0.001121 54 4
1715376138 0.000092 0.000093 0.008071 0.008256 18 4
1715376139 0.000093 0.000090 0.003497 0.003680 50 4
1715376140 0.000092 0.000092 0.076430 0.076614 25 4
1715376141 0.000100 0.000095 0.002288 0.002483 54 4
1715376142 0.000110 0.000097 0.000619 0.000826 85 4
1715376143 0.000086 0.000088 0.015144 0.015318 6 4
1715376144 0.000092 0.000090 0.012152 0.012334 34 4
1715376145 0.000089 0.000092 0.001070 0.001251 31 4
1715376146 0.000096 0.000091 0.001128 0.001315 60 4
