1715375162 0.000501 0.000396 0.001481 0.002378 92 4
1715375163 0.000300 0.000260 0.001342 0.001902 81 4
1715375164 0.000285 0.000245 0.002894 0.003424 75 4
1715375165 0.000204 0.000147 0.001068 0.001419 85 4
1715375166 0.000196 0.000147 0.001594 0.001937 51 4
1715375167 0.000121 0.000101 0.002107 0.002329 65 4
1715375168 0.000120 0.000100 0.000789 0.001009 70 4
1715375169 0.000123 0.000101 0.001920 0.002144 74 4
1715375170 0.000118 0.000118 0.001956 0.002192 66 4
1715375171 0.000123 0.000098 0.001815 0.002036 65 4
1715375172 0.000130 0.000108 0.000543 0.000781 88 4
1715375173 0.000124 0.000097 0.000369 0.000590 101 4
1715375174 0.000138 0.000097 0.000450 0.000685 91 4
1715375175 0.000144 0.000102 0.000921 0.001167 66 4
1715375176 0.000124 0.000095 0.000514 0.000733 96 4
1715375177 0.000129 0.000096 0.000577 0.000802 98 4
1715375178 0.000131 0.000095 0.000616 0.000842 76 4
1715375179 0.000137 0.000110 0.000678 0.000925 70 4
1715375180 0.000134 0.000092 0.000760 0.000986 90 4
1715375181 0.000136 0.000092 0.000297 0.000525 114 4
1715375182 0.000130 0.000095 0.000494 0.000719 89 4
1715375183 0.000127 0.000093 0.000382 0.000602 103 4
1715375184 0.000132 0.000107 0.000350 0.000589 103 4
1715375185 0.000133 0.000105 0.000677 0.000915 79 4
1715375186 0.000115 0.000102 0.001021 0.001238 65 4
1715375187 0.000139 0.000094 0.000415 0.000648 96 4
1715375188 0.000129 0.000098 0.000740 0.000967 76 4
1715375189 0.000153 0.000097 0.000486 0.000736 97 4
1715375190 0.000126 0.000112 0.000827 0.001065 63 4
1715375191 0.000120 0.000099 0.000749 0.000968 70 4
1715375192 0.000143 0.000097 0.001153 0.001393 72 4
1715375193 0.000116 0.000098 0.000809 0.001023 65 4
1715375194 0.000130 0.000111 0.001378 0.001619 68 4
1715375195 0.000125 0.000098 0.000240 0.000463 116 4
1715375196 0.000129 0.000095 0.000482 0.000706 95 4
1715375197 0.000156 0.000097 0.000572 0.000825 113 4
1715375198 0.000128 0.000098 0.000801 0.001027 91 4
1715375199 0.000121 0.000109 0.002005 0.002235 62 4
1715375200 0.000124 0.000101 0.000921 0.001146 82 4
1715375201 0.000136 0.000106 0.000524 0.000766 90 4
1715375202 0.000126 0.000095 0.000486 0.000707 92 4
1715375203 0.000126 0.000093 0.000596 0.000815 90 4
1715375204 0.000138 0.000096 0.000698 0.000932 85 4
1715375205 0.000121 0.000107 0.001097 0.001325 67 4
1715375206 0.000127 0.000103 0.000181 0.000411 122 4
1715375207 0.000127 0.000102 0.000802 0.001031 64 4
1715375208 0.000132 0.000101 0.004878 0.005111 52 4
1715375209 0.000122 0.000100 0.001378 0.001600 55 4
1715375210 0.000131 0.000096 0.000705 0.000932 72 4
1715375211 0.000141 0.000101 0.000502 0.000744 89 4
1715375212 0.000115 0.000103 0.003859 0.004077 71 4
1715375213 0.000142 0.000097 0.000286 0.000525 109 4
1715375214 0.000131 0.000098 0.000918 0.001147 64 4
1715375215 0.000182 0.000146 0.001721 0.002049 50 4
1715375216 0.000130 0.000106 0.000259 0.000495 119 4
1715375217 0.000117 0.000095 0.001234 0.001446 61 4
1715375218 0.000140 0.000089 0.000266 0.000495 114 4
1715375219 0.000142 0.000099 0.000714 0.000955 67 4
1715375220 0.000131 0.000102 0.000439 0.000672 101 4
1715375221 0.000131 0.000096 0.001299 0.001526 63 4
1715375222 0.000138 0.000105 0.000429 0.000672 105 4
1715375223 0.000149 0.000101 0.000607 0.000857 83 4
1715375224 0.000144 0.000100 0.000247 0.000491 115 4
1715375225 0.000142 0.000099 0.000409 0.000650 102 4
1715375226 0.000144 0.000106 0.000848 0.001098 59 4
1715375227 0.000133 0.000099 0.000693 0.000925 84 4
1715375228 0.000152 0.000110 0.000217 0.000479 121 4
1715375229 0.000136 0.000102 0.001339 0.001577 71 4
1715375230 0.000133 0.000093 0.000484 0.000710 110 4
1715375231 0.000134 0.000100 0.002241 0.002475 75 4
1715375232 0.000136 0.000114 0.001538 0.001788 51 4
1715375233 0.000123 0.000101 0.000880 0.001104 55 4
1715375234 0.000118 0.000109 0.000661 0.000888 78 4
1715375235 0.000131 0.000099 0.001274 0.001504 66 4
1715375236 0.000135 0.000107 0.000361 0.000603 102 4
1715375237 0.000121 0.000096 0.012478 0.012695 25 4
1715375238 0.000117 0.000096 0.000853 0.001066 68 4
1715375239 0.000125 0.000092 0.000397 0.000614 97 4
1715375240 0.000125 0.000113 0.001681 0.001919 73 4
1715375241 0.000136 0.000106 0.001766 0.002008 50 4
1715375242 0.000142 0.000094 0.002482 0.002718 38 4
1715375243 0.000133 0.000098 0.000697 0.000928 79 4
1715375244 0.000130 0.000104 0.001041 0.001275 53 4
1715375245 0.000143 0.000092 0.000258 0.000493 118 4
1715375246 0.000147 0.000093 0.000741 0.000981 74 4
1715375247 0.000126 0.000096 0.000358 0.000580 101 4
1715375248 0.000139 0.000094 0.000565 0.000798 101 4
1715375249 0.000117 0.000100 0.001979 0.002196 44 4
1715375250 0.000132 0.000099 0.000526 0.000757 85 4
1715375251 0.000128 0.000112 0.000427 0.000667 96 4
1715375252 0.000134 0.000098 0.000633 0.000865 74 4
1715375253 0.000126 0.000097 0.000345 0.000568 105 4
1715375254 0.000113 0.000108 0.001259 0.001480 44 4
1715375255 0.000141 0.000097 0.000554 0.000792 89 4
1715375256 0.000130 0.000096 0.001118 0.001344 67 4
1715375257 0.000120 0.000101 0.001106 0.001327 55 4
1715375258 0.000128 0.000095 0.000556 0.000779 87 4
1715375259 0.000151 0.000098 0.000515 0.000764 95 4
1715375260 0.000117 0.000096 0.003413 0.003626 63 4
1715375261 0.000123 0.000095 0.002594 0.002812 59 4
1715375262 0.000121 0.000103 0.001245 0.001469 55 4
1715375263 0.000128 0.000105 0.000281 0.000514 110 4
1715375264 0.000129 0.000096 0.000335 0.000560 104 4
1715375265 0.000128 0.000104 0.000473 0.000705 96 4
1715375266 0.000127 0.000097 0.000907 0.001131 66 4
1715375267 0.000130 0.000092 0.000344 0.000566 106 4
1715375268 0.000131 0.000107 0.001323 0.001561 53 4
1715375269 0.000126 0.000095 0.000444 0.000665 93 4
1715375270 0.000146 0.000110 0.000465 0.000721 100 4
1715375271 0.000118 0.000102 0.000955 0.001175 81 4
1715375272 0.000155 0.000096 0.000505 0.000756 91 4
1715375273 0.000140 0.000095 0.000408 0.000643 101 4
1715375274 0.000132 0.000094 0.000641 0.000867 84 4
1715375275 0.000122 0.000099 0.000587 0.000808 84 4
1715375276 0.000122 0.000097 0.000888 0.001107 91 4
1715375277 0.000129 0.000095 0.000491 0.000715 87 4
1715375278 0.000122 0.000098 0.000816 0.001036 70 4
1715375279 0.000123 0.000103 0.001924 0.002150 60 4
1715375280 0.000124 0.000094 0.000373 0.000591 109 4
1715375281 0.000128 0.000108 0.000369 0.000605 104 4
1715375282 0.000139 0.000091 0.000632 0.000862 96 4
1715375283 0.000130 0.000095 0.000455 0.000680 96 4
1715375284 0.000128 0.000107 0.000631 0.000866 76 4
1715375285 0.000123 0.000100 0.001665 0.001888 63 4
1715375286 0.000152 0.000090 0.000239 0.000481 116 4
1715375287 0.000131 0.000101 0.000261 0.000493 111 4
1715375288 0.000120 0.000096 0.002423 0.002639 61 4
1715375289 0.000134 0.000098 0.000391 0.000623 100 4
1715375290 0.000128 0.000104 0.001537 0.001769 63 4
1715375291 0.000133 0.000093 0.000640 0.000866 92 4
1715375292 0.000131 0.000098 0.000457 0.000686 91 4
1715375293 0.000125 0.000098 0.001039 0.001262 73 4
1715375294 0.000130 0.000098 0.000631 0.000859 71 4
1715375295 0.000126 0.000099 0.001057 0.001282 67 4
1715375296 0.000148 0.000102 0.000390 0.000640 99 4
1715375297 0.000113 0.000100 0.001481 0.001694 64 4
1715375298 0.000130 0.000094 0.000594 0.000818 87 4
1715375299 0.000147 0.000127 0.000458 0.000732 91 4
1715375300 0.000128 0.000096 0.000255 0.000479 112 4
1715375301 0.000137 0.000098 0.000567 0.000802 85 4
1715375302 0.000129 0.000095 0.000420 0.000644 97 4
1715375303 0.000144 0.000098 0.000885 0.001127 76 4
1715375304 0.000135 0.000095 0.000488 0.000718 88 4
1715375305 0.000128 0.000095 0.000689 0.000912 97 4
1715375306 0.000151 0.000111 0.000266 0.000528 115 4
1715375307 0.000140 0.000095 0.000695 0.000930 74 4
1715375308 0.000140 0.000094 0.001236 0.001470 60 4
1715375309 0.000127 0.000102 0.000902 0.001131 67 4
1715375310 0.000119 0.000100 0.001012 0.001231 66 4
1715375311 0.000122 0.000110 0.000981 0.001213 70 4
1715375312 0.000150 0.000096 0.000306 0.000552 109 4
1715375313 0.000139 0.000097 0.000945 0.001181 70 4
1715375314 0.000126 0.000100 0.000436 0.000662 108 4
1715375315 0.000134 0.000101 0.000424 0.000659 100 4
1715375316 0.000146 0.000090 0.000184 0.000420 122 4
1715375317 0.000116 0.000098 0.001062 0.001276 66 4
1715375318 0.000136 0.000098 0.000574 0.000808 84 4
1715375319 0.000130 0.000115 0.000426 0.000671 102 4
1715375320 0.000115 0.000095 0.001523 0.001733 54 4
1715375321 0.000123 0.000104 0.012067 0.012294 22 4
1715375322 0.000143 0.000096 0.000450 0.000689 120 4
1715375323 0.000125 0.000096 0.006300 0.006521 37 4
1715375324 0.000133 0.000100 0.000351 0.000584 107 4
1715375325 0.000128 0.000100 0.001435 0.001663 39 4
1715375326 0.000138 0.000095 0.000483 0.000716 87 4
1715375327 0.000122 0.000102 0.001634 0.001858 70 4
1715375328 0.000141 0.000108 0.000537 0.000786 93 4
1715375329 0.000126 0.000098 0.000816 0.001040 86 4
1715375330 0.000138 0.000126 0.000381 0.000645 102 4
1715375331 0.000124 0.000098 0.000533 0.000755 97 4
1715375332 0.000128 0.000100 0.000948 0.001176 53 4
1715375333 0.000125 0.000090 0.000369 0.000584 104 4
1715375334 0.000131 0.000132 0.000822 0.001085 75 4
1715375335 0.000152 0.000099 0.002278 0.002529 66 4
1715375336 0.000118 0.000097 0.000747 0.000962 83 4
1715375337 0.000121 0.000101 0.001814 0.002036 43 4
1715375338 0.000129 0.000096 0.000283 0.000508 111 4
1715375339 0.000134 0.000107 0.000590 0.000831 92 4
1715375340 0.000134 0.000108 0.000330 0.000572 110 4
1715375341 0.000140 0.000097 0.000689 0.000926 94 4
1715375342 0.000121 0.000095 0.000603 0.000819 83 4
1715375343 0.000148 0.000091 0.000275 0.000514 111 4
1715375344 0.000139 0.000091 0.000409 0.000639 112 4
1715375345 0.000138 0.000108 0.000898 0.001144 83 4
1715375346 0.000127 0.000097 0.000502 0.000726 89 4
1715375347 0.000123 0.000123 0.001005 0.001251 48 4
1715375348 0.000125 0.000093 0.005446 0.005664 53 4
1715375349 0.000124 0.000097 0.000578 0.000799 90 4
1715375350 0.000136 0.000098 0.000655 0.000889 93 4
1715375351 0.000122 0.000107 0.000509 0.000738 84 4
1715375352 0.000143 0.000101 0.002282 0.002526 58 4
1715375353 0.000114 0.000095 0.065546 0.065755 53 4
1715375354 0.000134 0.000104 0.000914 0.001152 71 4
1715375355 0.000137 0.000098 0.000825 0.001060 87 4
1715375356 0.000138 0.000097 0.000324 0.000559 104 4
1715375357 0.000126 0.000099 0.001300 0.001525 60 4
1715375358 0.000127 0.000098 0.000662 0.000887 81 4
1715375359 0.000129 0.000101 0.004551 0.004781 62 4
1715375360 0.000125 0.000112 0.000553 0.000790 83 4
1715375361 0.000127 0.000102 0.000478 0.000707 90 4
1715375362 0.000135 0.000106 0.001063 0.001304 60 4
1715375363 0.000134 0.000100 0.006144 0.006378 49 4
1715375364 0.000120 0.000100 0.001025 0.001245 50 4
1715375365 0.000138 0.000096 0.001265 0.001499 54 4
1715375366 0.000115 0.000097 0.002747 0.002959 53 4
1715375367 0.000141 0.000107 0.001091 0.001339 83 4
1715375368 0.000124 0.000099 0.000411 0.000634 98 4
1715375369 0.000128 0.000097 0.000863 0.001088 58 4
1715375370 0.000135 0.000099 0.000642 0.000876 80 4
1715375371 0.000136 0.000101 0.000573 0.000810 80 4
1715375372 0.000119 0.000114 0.000538 0.000771 82 4
1715375373 0.000126 0.000099 0.005567 0.005792 41 4
1715375374 0.000142 0.000108 0.000656 0.000906 84 4
1715375375 0.000116 0.000097 0.001077 0.001290 72 4
1715375376 0.000128 0.000101 0.000586 0.000815 77 4
1715375377 0.000123 0.000100 0.000766 0.000989 85 4
1715375378 0.000127 0.000108 0.000646 0.000881 90 4
1715375379 0.000142 0.000097 0.000905 0.001144 69 4
1715375380 0.000156 0.000102 0.000257 0.000515 116 4
1715375381 0.000130 0.000099 0.001868 0.002097 56 4
1715375382 0.000144 0.000105 0.000282 0.000531 117 4
1715375383 0.000136 0.000105 0.000798 0.001039 82 4
1715375384 0.000128 0.000095 0.000508 0.000731 94 4
1715375385 0.000150 0.000106 0.000438 0.000694 102 4
1715375386 0.000119 0.000100 0.000756 0.000975 70 4
1715375387 0.000129 0.000106 0.000322 0.000557 109 4
1715375388 0.000124 0.000101 0.001399 0.001624 70 4
1715375389 0.000143 0.000105 0.001318 0.001566 71 4
1715375390 0.000136 0.000098 0.000685 0.000919 92 4
1715375391 0.000127 0.000099 0.000433 0.000659 111 4
1715375392 0.000145 0.000099 0.001249 0.001493 63 4
1715375393 0.000119 0.000105 0.000758 0.000982 67 4
1715375394 0.000126 0.000098 0.001215 0.001439 73 4
1715375395 0.000124 0.000102 0.000712 0.000938 77 4
1715375396 0.000138 0.000095 0.000398 0.000631 103 4
1715375397 0.000120 0.000106 0.000577 0.000803 86 4
1715375398 0.000132 0.000112 0.000583 0.000827 84 4
1715375399 0.000123 0.000100 0.000888 0.001111 74 4
1715375400 0.000134 0.000097 0.001495 0.001726 53 4
1715375401 0.000134 0.000096 0.000672 0.000902 88 4
1715375402 0.000138 0.000094 0.000693 0.000925 86 4
1715375403 0.000113 0.000098 0.002405 0.002616 43 4
1715375404 0.000130 0.000097 0.000766 0.000993 94 4
1715375405 0.000132 0.000097 0.000735 0.000964 71 4
1715375406 0.000138 0.000108 0.000691 0.000937 74 4
1715375407 0.000124 0.000111 0.000457 0.000692 99 4
1715375408 0.000142 0.000105 0.001398 0.001645 61 4
1715375409 0.000139 0.000096 0.000950 0.001185 76 4
1715375410 0.000131 0.000103 0.000718 0.000952 75 4
1715375411 0.000138 0.000094 0.000287 0.000519 109 4
1715375412 0.000136 0.000100 0.000744 0.000980 75 4
1715375413 0.000138 0.000092 0.000285 0.000515 109 4
1715375414 0.000132 0.000106 0.001019 0.001257 56 4
1715375415 0.000116 0.000101 0.000529 0.000746 94 4
1715375416 0.000123 0.000101 0.001145 0.001369 78 4
1715375417 0.000121 0.000098 0.000465 0.000684 97 4
1715375418 0.000121 0.000114 0.001379 0.001614 52 4
1715375419 0.000127 0.000096 0.000691 0.000914 98 4
1715375420 0.000130 0.000098 0.000619 0.000847 84 4
1715375421 0.000124 0.000116 0.000563 0.000803 84 4
1715375422 0.000118 0.000095 0.000563 0.000776 88 4
1715375423 0.000141 0.000110 0.000473 0.000724 96 4
1715375424 0.000135 0.000103 0.000356 0.000594 106 4
1715375425 0.000133 0.000098 0.000982 0.001213 61 4
1715375426 0.000136 0.000107 0.001980 0.002223 84 4
1715375427 0.000110 0.000097 0.001269 0.001476 62 4
1715375428 0.000136 0.000099 0.002178 0.002413 74 4
1715375429 0.000123 0.000103 0.000715 0.000941 84 4
1715375430 0.000130 0.000093 0.000416 0.000639 104 4
1715375431 0.000124 0.000100 0.000711 0.000935 78 4
1715375432 0.000137 0.000096 0.000943 0.001176 62 4
1715375433 0.000131 0.000091 0.000251 0.000473 116 4
1715375434 0.000122 0.000096 0.000576 0.000794 80 4
1715375435 0.000135 0.000099 0.002722 0.002956 43 4
1715375436 0.000140 0.000097 0.000644 0.000881 77 4
1715375437 0.000131 0.000111 0.000972 0.001214 73 4
1715375438 0.000133 0.000101 0.002238 0.002472 70 4
1715375439 0.000142 0.000099 0.000404 0.000645 96 4
1715375440 0.000124 0.000098 0.001115 0.001337 62 4
1715375441 0.000137 0.000096 0.001023 0.001256 82 4
1715375442 0.000120 0.000097 0.016019 0.016236 41 4
1715375443 0.000136 0.000105 0.000874 0.001115 78 4
1715375444 0.000123 0.000105 0.001233 0.001461 66 4
1715375445 0.000152 0.000094 0.000376 0.000622 110 4
1715375446 0.000141 0.000101 0.000674 0.000916 76 4
1715375447 0.000125 0.000108 0.000443 0.000676 93 4
1715375448 0.000131 0.000099 0.000494 0.000724 98 4
1715375449 0.000124 0.000097 0.000354 0.000575 103 4
1715375450 0.000136 0.000093 0.000441 0.000670 94 4
1715375451 0.000123 0.000107 0.000459 0.000689 91 4
1715375452 0.000152 0.000097 0.000223 0.000472 118 4
1715375453 0.000138 0.000102 0.001057 0.001297 55 4
1715375454 0.000132 0.000104 0.000523 0.000759 85 4
1715375455 0.000124 0.000098 0.000414 0.000636 97 4
1715375456 0.000134 0.000103 0.000918 0.001155 66 4
1715375457 0.000136 0.000095 0.000422 0.000653 99 4
1715375458 0.000150 0.000096 0.000488 0.000734 97 4
1715375459 0.000122 0.000100 0.000463 0.000685 92 4
1715375460 0.000132 0.000096 0.000639 0.000867 94 4
1715375461 0.000315 0.000100 0.001489 0.001904 66 4
1715375462 0.000131 0.000107 0.001366 0.001604 64 4
1715375463 0.000142 0.000089 0.000188 0.000419 121 4
1715375464 0.000128 0.000095 0.000269 0.000492 116 4
1715375465 0.000130 0.000100 0.000451 0.000681 97 4
1715375466 0.000120 0.000098 0.001778 0.001996 51 4
1715375467 0.000138 0.000095 0.000600 0.000833 96 4
1715375468 0.000124 0.000109 0.000530 0.000763 90 4
1715375469 0.000122 0.000096 0.000614 0.000832 79 4
1715375470 0.000127 0.000114 0.000707 0.000948 78 4
1715375471 0.000146 0.000096 0.000257 0.000499 115 4
1715375472 0.000124 0.000099 0.003421 0.003644 47 4
1715375473 0.000139 0.000094 0.000518 0.000751 87 4
1715375474 0.000127 0.000099 0.000483 0.000709 89 4
1715375475 0.000128 0.000096 0.012701 0.012925 39 4
1715375476 0.000133 0.000105 0.000413 0.000651 99 4
1715375477 0.000141 0.000095 0.001233 0.001469 68 4
1715375478 0.000127 0.000099 0.000480 0.000706 98 4
1715375479 0.000127 0.000098 0.002212 0.002437 45 4
1715375480 0.000128 0.000105 0.000931 0.001164 86 4
1715375481 0.000131 0.000099 0.000735 0.000965 67 4
1715375482 0.000138 0.000095 0.000510 0.000743 94 4
1715375483 0.000121 0.000100 0.000725 0.000946 76 4
1715375484 0.000128 0.000097 0.000406 0.000631 98 4
1715375485 0.000140 0.000110 0.000384 0.000634 101 4
1715375486 0.000111 0.000095 0.004168 0.004374 32 4
1715375487 0.000123 0.000097 0.003258 0.003478 21 4
1715375488 0.000122 0.000108 0.000807 0.001037 79 4
1715375489 0.000134 0.000107 0.001827 0.002068 68 4
1715375490 0.000135 0.000091 0.000189 0.000415 122 4
1715375491 0.000115 0.000098 0.001302 0.001515 60 4
1715375492 0.000121 0.000099 0.000685 0.000905 76 4
1715375493 0.000120 0.000101 0.003506 0.003727 40 4
1715375494 0.000149 0.000107 0.000529 0.000785 89 4
1715375495 0.000121 0.000094 0.000570 0.000785 92 4
1715375496 0.000126 0.000108 0.000380 0.000614 102 4
1715375497 0.000128 0.000100 0.000709 0.000937 64 4
1715375498 0.000134 0.000107 0.000371 0.000612 101 4
1715375499 0.000130 0.000103 0.000581 0.000814 84 4
1715375500 0.000125 0.000101 0.000372 0.000598 101 4
1715375501 0.000120 0.000093 0.000917 0.001130 75 4
1715375502 0.000115 0.000093 0.001588 0.001796 56 4
1715375503 0.000141 0.000100 0.000394 0.000635 99 4
1715375504 0.000126 0.000099 0.000331 0.000556 104 4
1715375505 0.000127 0.000097 0.000496 0.000720 93 4
1715375506 0.000127 0.000095 0.000302 0.000524 111 4
1715375507 0.000116 0.000114 0.000876 0.001106 54 4
1715375508 0.000123 0.000097 0.000786 0.001006 82 4
1715375509 0.000134 0.000093 0.000367 0.000594 114 4
1715375510 0.000119 0.000101 0.000854 0.001074 67 4
1715375511 0.000129 0.000106 0.000341 0.000576 111 4
1715375512 0.000151 0.000091 0.000492 0.000734 94 4
1715375513 0.000129 0.000098 0.000315 0.000542 108 4
1715375514 0.000126 0.000105 0.000510 0.000741 90 4
1715375515 0.000124 0.000097 0.000545 0.000766 97 4
1715375516 0.000171 0.000147 0.000954 0.001272 68 4
1715375517 0.000144 0.000113 0.000228 0.000485 117 4
1715375518 0.000135 0.000105 0.001262 0.001502 61 4
1715375519 0.000131 0.000090 0.000251 0.000472 116 4
1715375520 0.000133 0.000101 0.000356 0.000590 106 4
1715375521 0.000126 0.000099 0.000362 0.000587 102 4
1715375522 0.000146 0.000098 0.000653 0.000897 82 4
1715375523 0.000123 0.000107 0.000478 0.000708 89 4
1715375524 0.000331 0.000110 0.001097 0.001538 83 4
1715375525 0.000124 0.000102 0.000597 0.000823 90 4
1715375526 0.000129 0.000096 0.002816 0.003041 51 4
1715375527 0.000127 0.000096 0.000316 0.000539 105 4
1715375528 0.000133 0.000098 0.000572 0.000803 82 4
1715375529 0.000148 0.000094 0.000306 0.000548 110 4
1715375530 0.000132 0.000095 0.000468 0.000695 100 4
1715375531 0.000123 0.000096 0.000496 0.000715 87 4
1715375532 0.000128 0.000099 0.000261 0.000488 114 4
1715375533 0.000136 0.000094 0.000337 0.000567 106 4
1715375534 0.000129 0.000100 0.000500 0.000729 87 4
1715375535 0.000138 0.000093 0.000385 0.000616 97 4
1715375536 0.000128 0.000095 0.000519 0.000742 102 4
1715375537 0.000123 0.000110 0.000799 0.001032 88 4
1715375538 0.000118 0.000099 0.004375 0.004592 49 4
1715375539 0.000123 0.000097 0.019242 0.019462 37 4
1715375540 0.000130 0.000100 0.000430 0.000660 94 4
1715375541 0.000116 0.000117 0.000513 0.000746 87 4
1715375542 0.000132 0.000096 0.000328 0.000556 105 4
1715375543 0.000120 0.000100 0.000586 0.000806 79 4
1715375544 0.000130 0.000094 0.001184 0.001408 72 4
1715375545 0.000119 0.000103 0.001606 0.001828 56 4
1715375546 0.000128 0.000090 0.000207 0.000425 119 4
1715375547 0.000132 0.000110 0.001124 0.001366 82 4
1715375548 0.000119 0.000095 0.000571 0.000785 87 4
1715375549 0.000127 0.000101 0.001207 0.001435 52 4
1715375550 0.000136 0.000101 0.000580 0.000817 86 4
1715375551 0.000126 0.000102 0.006209 0.006437 29 4
1715375552 0.000134 0.000097 0.000737 0.000968 75 4
1715375553 0.000134 0.000099 0.000723 0.000956 66 4
1715375554 0.000121 0.000099 0.000585 0.000805 77 4
1715375555 0.000134 0.000100 0.000366 0.000600 100 4
1715375556 0.000119 0.000099 0.000587 0.000805 88 4
1715375557 0.000131 0.000101 0.001275 0.001507 55 4
1715375558 0.000118 0.000101 0.000948 0.001167 73 4
1715375559 0.000141 0.000096 0.000916 0.001153 86 4
1715375560 0.000178 0.000134 0.000421 0.000733 104 4
1715375561 0.000132 0.000112 0.000728 0.000972 82 4
1715375562 0.000142 0.000104 0.000384 0.000630 102 4
1715375563 0.000118 0.000098 0.000909 0.001125 64 4
1715375564 0.000144 0.000090 0.000259 0.000493 116 4
1715375565 0.000126 0.000104 0.000530 0.000760 87 4
1715375566 0.000121 0.000099 0.000645 0.000865 84 4
1715375567 0.000132 0.000107 0.001145 0.001384 68 4
1715375568 0.000120 0.000109 0.000740 0.000969 75 4
1715375569 0.000135 0.000102 0.000593 0.000830 87 4
1715375570 0.000132 0.000105 0.000656 0.000893 74 4
1715375571 0.000130 0.000110 0.000732 0.000972 84 4
1715375572 0.000129 0.000099 0.000785 0.001013 77 4
1715375573 0.000129 0.000101 0.000376 0.000606 103 4
1715375574 0.000126 0.000095 0.000728 0.000949 83 4
1715375575 0.000134 0.000092 0.000268 0.000494 116 4
1715375576 0.000125 0.000096 0.000343 0.000564 102 4
1715375577 0.000135 0.000100 0.000694 0.000929 72 4
1715375578 0.000122 0.000099 0.000617 0.000838 89 4
1715375579 0.000123 0.000115 0.000900 0.001138 79 4
1715375580 0.000134 0.000097 0.000981 0.001212 73 4
1715375581 0.000137 0.000091 0.000304 0.000532 109 4
1715375582 0.000339 0.000096 0.000567 0.001002 98 4
1715375583 0.000128 0.000106 0.000430 0.000664 95 4
1715375584 0.000126 0.000099 0.000486 0.000711 87 4
1715375585 0.000124 0.000098 0.001238 0.001460 61 4
1715375586 0.000142 0.000097 0.000601 0.000840 88 4
1715375587 0.000118 0.000095 0.000533 0.000746 82 4
1715375588 0.000133 0.000097 0.000527 0.000757 87 4
1715375589 0.000126 0.000099 0.000907 0.001132 67 4
1715375590 0.000128 0.000106 0.000412 0.000646 98 4
1715375591 0.000120 0.000100 0.001535 0.001755 77 4
1715375592 0.000131 0.000100 0.001244 0.001475 54 4
1715375593 0.000128 0.000095 0.000533 0.000756 97 4
1715375594 0.000134 0.000095 0.000636 0.000865 86 4
1715375595 0.000136 0.000090 0.000192 0.000418 120 4
1715375596 0.000118 0.000094 0.002286 0.002498 49 4
1715375597 0.000126 0.000096 0.000450 0.000672 96 4
1715375598 0.000126 0.000098 0.000460 0.000684 92 4
1715375599 0.000133 0.000106 0.000570 0.000809 89 4
1715375600 0.000130 0.000110 0.000939 0.001179 80 4
1715375601 0.000129 0.000098 0.000343 0.000570 102 4
1715375602 0.000130 0.000097 0.000364 0.000591 103 4
1715375603 0.000117 0.000098 0.000667 0.000882 74 4
1715375604 0.000136 0.000096 0.000513 0.000745 91 4
1715375605 0.000132 0.000104 0.000200 0.000436 120 4
1715375606 0.000124 0.000095 0.000332 0.000551 106 4
1715375607 0.000126 0.000098 0.000797 0.001021 77 4
1715375608 0.000120 0.000112 0.000975 0.001207 45 4
1715375609 0.000119 0.000113 0.000788 0.001020 62 4
1715375610 0.000127 0.000096 0.000744 0.000967 76 4
1715375611 0.000124 0.000097 0.001033 0.001254 65 4
1715375612 0.000138 0.000094 0.000758 0.000990 82 4
1715375613 0.000133 0.000095 0.000894 0.001122 55 4
1715375614 0.000127 0.000091 0.000299 0.000517 110 4
1715375615 0.000136 0.000096 0.000652 0.000884 80 4
1715375616 0.000121 0.000099 0.002819 0.003039 47 4
1715375617 0.000137 0.000120 0.002220 0.002477 68 4
1715375618 0.000116 0.000093 0.001090 0.001299 67 4
1715375619 0.000123 0.000095 0.001051 0.001269 60 4
1715375620 0.000116 0.000097 0.000886 0.001099 57 4
1715375621 0.000122 0.000109 0.000421 0.000652 96 4
1715375622 0.000145 0.000096 0.000689 0.000930 82 4
1715375623 0.000128 0.000099 0.000119 0.000346 128 4
1715375624 0.000127 0.000095 0.000349 0.000571 101 4
1715375625 0.000144 0.000097 0.000340 0.000581 107 4
1715375626 0.000129 0.000100 0.000834 0.001063 75 4
1715375627 0.000134 0.000095 0.000342 0.000571 104 4
1715375628 0.000118 0.000102 0.000826 0.001046 69 4
1715375629 0.000118 0.000096 0.003561 0.003775 61 4
1715375630 0.000126 0.000108 0.000389 0.000623 98 4
1715375631 0.000122 0.000099 0.000789 0.001010 75 4
1715375632 0.000121 0.000096 0.044030 0.044247 51 4
1715375633 0.000136 0.000112 0.001384 0.001632 53 4
1715375634 0.000133 0.000099 0.001189 0.001421 71 4
1715375635 0.000124 0.000111 0.001195 0.001430 57 4
1715375636 0.000130 0.000097 0.000669 0.000896 84 4
1715375637 0.000129 0.000098 0.000500 0.000727 82 4
1715375638 0.000127 0.000102 0.000535 0.000764 89 4
1715375639 0.000137 0.000096 0.000754 0.000987 97 4
1715375640 0.000133 0.000107 0.000580 0.000820 93 4
1715375641 0.000132 0.000091 0.000784 0.001007 80 4
1715375642 0.000127 0.000104 0.000380 0.000611 101 4
1715375643 0.000124 0.000106 0.000545 0.000775 88 4
1715375644 0.000145 0.000096 0.000505 0.000746 96 4
1715375645 0.000122 0.000095 0.000725 0.000942 77 4
1715375646 0.000134 0.000098 0.001114 0.001346 62 4
1715375647 0.000129 0.000090 0.000201 0.000420 121 4
1715375648 0.000114 0.000113 0.001047 0.001274 66 4
1715375649 0.000120 0.000096 0.000693 0.000909 93 4
1715375650 0.000134 0.000098 0.000687 0.000919 74 4
1715375651 0.000127 0.000101 0.001173 0.001401 66 4
1715375652 0.000127 0.000095 0.000802 0.001024 81 4
1715375653 0.000126 0.000103 0.000772 0.001001 80 4
1715375654 0.000156 0.000087 0.000212 0.000455 120 4
1715375655 0.000116 0.000094 0.001208 0.001418 53 4
1715375656 0.000134 0.000098 0.000920 0.001152 77 4
1715375657 0.000146 0.000114 0.001571 0.001831 64 4
1715375658 0.000124 0.000093 0.000612 0.000829 90 4
1715375659 0.000140 0.000108 0.000852 0.001100 73 4
1715375660 0.000123 0.000099 0.001005 0.001227 63 4
1715375661 0.000131 0.000097 0.000938 0.001166 90 4
1715375662 0.000143 0.000094 0.000270 0.000507 114 4
1715375663 0.000129 0.000096 0.000380 0.000605 108 4
1715375664 0.000126 0.000096 0.000615 0.000837 79 4
1715375665 0.000130 0.000097 0.000936 0.001163 61 4
1715375666 0.000138 0.000101 0.001142 0.001381 33 4
1715375667 0.000126 0.000098 0.000494 0.000718 101 4
1715375668 0.000134 0.000100 0.000519 0.000753 83 4
1715375669 0.000127 0.000096 0.000357 0.000580 104 4
1715375670 0.000136 0.000100 0.000546 0.000782 95 4
1715375671 0.000138 0.000099 0.000418 0.000655 97 4
1715375672 0.000133 0.000092 0.000212 0.000437 119 4
1715375673 0.000126 0.000094 0.000853 0.001073 60 4
1715375674 0.000134 0.000102 0.000946 0.001182 74 4
1715375675 0.000129 0.000097 0.000995 0.001221 72 4
1715375676 0.000136 0.000095 0.000205 0.000436 121 4
1715375677 0.000122 0.000102 0.002887 0.003111 64 4
1715375678 0.000129 0.000097 0.001049 0.001275 72 4
1715375679 0.000139 0.000094 0.000427 0.000660 98 4
1715375680 0.000126 0.000095 0.000338 0.000559 105 4
1715375681 0.000133 0.000107 0.000560 0.000800 87 4
1715375682 0.000128 0.000097 0.000434 0.000659 95 4
1715375683 0.000126 0.000112 0.000665 0.000903 82 4
1715375684 0.000136 0.000096 0.001061 0.001293 84 4
1715375685 0.000127 0.000097 0.000933 0.001157 75 4
1715375686 0.000123 0.000098 0.000611 0.000832 85 4
1715375687 0.000129 0.000094 0.000437 0.000660 103 4
1715375688 0.000139 0.000098 0.000407 0.000644 98 4
1715375689 0.000131 0.000099 0.000362 0.000592 110 4
1715375690 0.000136 0.000095 0.000402 0.000633 95 4
1715375691 0.000128 0.000096 0.000758 0.000982 74 4
1715375692 0.000134 0.000107 0.000537 0.000778 90 4
1715375693 0.000113 0.000102 0.001645 0.001860 58 4
1715375694 0.000137 0.000096 0.000539 0.000772 103 4
1715375695 0.000136 0.000092 0.000182 0.000410 122 4
1715375696 0.000135 0.000093 0.000477 0.000705 94 4
1715375697 0.000144 0.000097 0.000347 0.000588 112 4
1715375698 0.000130 0.000108 0.000669 0.000907 82 4
1715375699 0.000126 0.000096 0.000542 0.000764 85 4
1715375700 0.000127 0.000102 0.000828 0.001057 88 4
1715375701 0.000325 0.000103 0.000726 0.001154 72 4
1715375702 0.000134 0.000091 0.000365 0.000590 102 4
1715375703 0.000128 0.000101 0.000739 0.000968 72 4
1715375704 0.000117 0.000094 0.000775 0.000986 68 4
1715375705 0.000121 0.000098 0.001082 0.001301 86 4
1715375706 0.000126 0.000100 0.000528 0.000754 83 4
1715375707 0.000138 0.000097 0.000813 0.001048 68 4
1715375708 0.000127 0.000109 0.002035 0.002271 60 4
1715375709 0.000133 0.000098 0.000654 0.000885 77 4
1715375710 0.000140 0.000102 0.000577 0.000819 86 4
1715375711 0.000128 0.000095 0.000481 0.000704 96 4
1715375712 0.000125 0.000108 0.000621 0.000854 86 4
1715375713 0.000119 0.000099 0.000693 0.000911 74 4
1715375714 0.000134 0.000108 0.000679 0.000921 87 4
1715375715 0.000119 0.000111 0.000746 0.000976 66 4
1715375716 0.000124 0.000101 0.000664 0.000889 71 4
1715375717 0.000131 0.000096 0.000519 0.000746 90 4
1715375718 0.000122 0.000098 0.000734 0.000954 80 4
1715375719 0.000132 0.000097 0.000544 0.000773 86 4
1715375720 0.000134 0.000096 0.000737 0.000967 74 4
1715375721 0.000119 0.000099 0.000752 0.000970 65 4
1715375722 0.000132 0.000093 0.000354 0.000579 106 4
1715375723 0.000138 0.000095 0.000334 0.000567 109 4
1715375724 0.000113 0.000101 0.001393 0.001607 36 4
1715375725 0.000123 0.000102 0.000526 0.000751 89 4
1715375726 0.000146 0.000096 0.000211 0.000453 120 4
1715375727 0.000138 0.000103 0.001266 0.001507 56 4
1715375728 0.000143 0.000099 0.000303 0.000545 112 4
1715375729 0.000117 0.000097 0.001614 0.001828 52 4
1715375730 0.000140 0.000088 0.000253 0.000481 114 4
1715375731 0.000162 0.000099 0.000668 0.000929 73 4
1715375732 0.000138 0.000105 0.000293 0.000536 109 4
1715375733 0.000120 0.000101 0.000684 0.000905 76 4
1715375734 0.000126 0.000094 0.000476 0.000696 89 4
1715375735 0.000120 0.000097 0.000527 0.000744 89 4
1715375736 0.000157 0.000097 0.000789 0.001043 84 4
1715375737 0.000125 0.000100 0.001062 0.001287 57 4
1715375738 0.000126 0.000102 0.000557 0.000785 85 4
1715375739 0.000134 0.000101 0.000675 0.000910 71 4
1715375740 0.000118 0.000094 0.000600 0.000812 85 4
1715375741 0.000149 0.000095 0.000527 0.000771 102 4
1715375742 0.000123 0.000096 0.000710 0.000929 85 4
1715375743 0.000134 0.000100 0.000514 0.000748 85 4
1715375744 0.000129 0.000099 0.000658 0.000886 91 4
1715375745 0.000125 0.000110 0.001110 0.001345 74 4
1715375746 0.000126 0.000096 0.000452 0.000674 98 4
1715375747 0.000134 0.000096 0.000308 0.000538 106 4
1715375748 0.000142 0.000100 0.000337 0.000579 107 4
1715375749 0.000131 0.000097 0.000481 0.000709 92 4
1715375750 0.000136 0.000097 0.000427 0.000660 100 4
1715375751 0.000131 0.000101 0.001560 0.001792 53 4
1715375752 0.000126 0.000100 0.000632 0.000858 90 4
1715375753 0.000136 0.000090 0.000793 0.001019 100 4
1715375754 0.000132 0.000100 0.002593 0.002825 52 4
1715375755 0.000131 0.000095 0.000562 0.000788 86 4
1715375756 0.000128 0.000095 0.000333 0.000556 105 4
1715375757 0.000122 0.000104 0.000794 0.001020 81 4
1715375758 0.000122 0.000107 0.001464 0.001693 72 4
1715375759 0.000124 0.000110 0.000649 0.000883 90 4
1715375760 0.000124 0.000101 0.000727 0.000952 67 4
1715375761 0.000129 0.000095 0.000338 0.000562 104 4
1715375762 0.000122 0.000095 0.000461 0.000678 90 4
1715375763 0.000141 0.000099 0.000981 0.001221 85 4
1715375764 0.000140 0.000091 0.000370 0.000601 108 4
1715375765 0.000125 0.000097 0.004837 0.005059 33 4
1715375766 0.000141 0.000098 0.001057 0.001296 74 4
1715375767 0.000130 0.000097 0.000622 0.000849 81 4
1715375768 0.000123 0.000094 0.000413 0.000630 99 4
1715375769 0.000121 0.000096 0.001201 0.001418 55 4
1715375770 0.000121 0.000101 0.000590 0.000812 85 4
1715375771 0.000125 0.000104 0.001543 0.001772 66 4
1715375772 0.000137 0.000099 0.000660 0.000896 82 4
1715375773 0.000117 0.000098 0.003458 0.003673 49 4
1715375774 0.000120 0.000102 0.004961 0.005183 54 4
1715375775 0.000127 0.000095 0.000296 0.000518 113 4
1715375776 0.000129 0.000100 0.001208 0.001437 57 4
1715375777 0.000129 0.000099 0.000435 0.000663 98 4
1715375778 0.000122 0.000099 0.000954 0.001175 60 4
1715375779 0.000132 0.000106 0.000457 0.000695 100 4
1715375780 0.000142 0.000097 0.000363 0.000602 100 4
1715375781 0.000149 0.000094 0.000511 0.000754 88 4
1715375782 0.000140 0.000094 0.000334 0.000568 114 4
1715375783 0.000125 0.000097 0.000865 0.001087 79 4
1715375784 0.000124 0.000100 0.000676 0.000900 79 4
1715375785 0.000135 0.000109 0.000832 0.001076 62 4
1715375786 0.000121 0.000100 0.000364 0.000585 104 4
1715375787 0.000123 0.000099 0.000590 0.000812 81 4
1715375788 0.000139 0.000094 0.000272 0.000505 112 4
1715375789 0.000139 0.000096 0.004899 0.005134 38 4
1715375790 0.000143 0.000098 0.000709 0.000950 88 4
1715375791 0.000137 0.000091 0.000529 0.000757 93 4
1715375792 0.000134 0.000092 0.000256 0.000482 114 4
1715375793 0.000119 0.000099 0.000524 0.000742 86 4
1715375794 0.000145 0.000091 0.000567 0.000803 107 4
1715375795 0.000130 0.000095 0.000455 0.000680 91 4
1715375796 0.000126 0.000098 0.000916 0.001140 78 4
1715375797 0.000124 0.000108 0.000451 0.000683 94 4
1715375798 0.000139 0.000092 0.000495 0.000726 92 4
1715375799 0.000129 0.000093 0.000532 0.000754 91 4
1715375800 0.000136 0.000092 0.000298 0.000526 107 4
1715375801 0.000129 0.000097 0.001216 0.001442 69 4
1715375802 0.000137 0.000092 0.000340 0.000569 103 4
1715375803 0.000131 0.000098 0.000392 0.000621 102 4
1715375804 0.000135 0.000099 0.000489 0.000723 93 4
1715375805 0.000130 0.000098 0.000612 0.000840 79 4
1715375806 0.000125 0.000106 0.000777 0.001008 71 4
1715375807 0.000128 0.000099 0.001142 0.001369 50 4
1715375808 0.000120 0.000092 0.000417 0.000629 96 4
1715375809 0.000127 0.000093 0.000552 0.000772 94 4
1715375810 0.000147 0.000095 0.000259 0.000501 118 4
1715375811 0.000141 0.000099 0.000995 0.001235 67 4
1715375812 0.000128 0.000098 0.000709 0.000935 94 4
1715375813 0.000129 0.000098 0.000810 0.001037 72 4
1715375814 0.000127 0.000099 0.000585 0.000811 93 4
1715375815 0.000145 0.000102 0.000422 0.000669 97 4
1715375816 0.000139 0.000095 0.000456 0.000690 94 4
1715375817 0.000120 0.000100 0.000550 0.000770 93 4
1715375818 0.000135 0.000092 0.000427 0.000654 95 4
1715375819 0.000125 0.000100 0.000781 0.001006 82 4
1715375820 0.000133 0.000097 0.001173 0.001403 71 4
1715375821 0.000124 0.000107 0.000358 0.000589 102 4
1715375822 0.000125 0.000095 0.000809 0.001029 78 4
1715375823 0.000126 0.000096 0.000522 0.000744 89 4
1715375824 0.000133 0.000111 0.000606 0.000850 93 4
1715375825 0.000122 0.000094 0.000715 0.000931 87 4
1715375826 0.000117 0.000107 0.001508 0.001732 36 4
1715375827 0.000121 0.000095 0.000993 0.001209 74 4
1715375828 0.000126 0.000097 0.000579 0.000802 92 4
1715375829 0.000132 0.000098 0.000796 0.001026 85 4
1715375830 0.000135 0.000100 0.000611 0.000846 78 4
1715375831 0.000111 0.000096 0.001227 0.001434 56 4
1715375832 0.000115 0.000097 0.002491 0.002703 45 4
1715375833 0.000125 0.000100 0.000960 0.001185 74 4
1715375834 0.000133 0.000098 0.000539 0.000770 91 4
1715375835 0.000132 0.000100 0.001307 0.001539 71 4
1715375836 0.000138 0.000090 0.000232 0.000460 114 4
1715375837 0.000124 0.000101 0.000507 0.000732 88 4
1715375838 0.000133 0.000093 0.000466 0.000692 102 4
1715375839 0.000123 0.000101 0.001058 0.001282 54 4
1715375840 0.000359 0.000247 0.001332 0.001938 88 4
1715375841 0.000320 0.000238 0.000946 0.001504 99 4
1715375842 0.000194 0.000136 0.000787 0.001117 84 4
1715375843 0.000205 0.000142 0.000911 0.001258 79 4
1715375844 0.000201 0.000146 0.001622 0.001969 57 4
1715375845 0.000127 0.000097 0.000829 0.001053 90 4
1715375846 0.000130 0.000098 0.000676 0.000904 84 4
1715375847 0.000140 0.000101 0.000752 0.000993 79 4
1715375848 0.000136 0.000102 0.000611 0.000849 80 4
1715375849 0.000127 0.000102 0.000427 0.000656 102 4
1715375850 0.000122 0.000100 0.000621 0.000843 87 4
1715375851 0.000135 0.000108 0.000767 0.001010 70 4
1715375852 0.000130 0.000091 0.000555 0.000776 91 4
1715375853 0.000128 0.000097 0.000377 0.000602 103 4
1715375854 0.000119 0.000108 0.001055 0.001282 57 4
1715375855 0.000136 0.000096 0.000390 0.000622 101 4
1715375856 0.000142 0.000099 0.000624 0.000865 93 4
1715375857 0.000137 0.000094 0.000427 0.000658 96 4
1715375858 0.000124 0.000096 0.000579 0.000799 86 4
1715375859 0.000131 0.000102 0.000242 0.000475 117 4
1715375860 0.000139 0.000092 0.000281 0.000512 111 4
1715375861 0.000129 0.000111 0.001144 0.001384 73 4
1715375862 0.000136 0.000099 0.000332 0.000567 105 4
1715375863 0.000123 0.000091 0.000716 0.000930 96 4
1715375864 0.000130 0.000117 0.001059 0.001306 68 4
1715375865 0.000122 0.000099 0.000669 0.000890 72 4
1715375866 0.000137 0.000097 0.001008 0.001242 77 4
1715375867 0.000123 0.000097 0.000930 0.001150 81 4
1715375868 0.000124 0.000098 0.001947 0.002169 63 4
1715375869 0.000133 0.000100 0.000593 0.000826 85 4
1715375870 0.000139 0.000096 0.001492 0.001727 80 4
1715375871 0.000142 0.000100 0.000998 0.001240 54 4
1715375872 0.000125 0.000103 0.000551 0.000779 90 4
1715375873 0.000136 0.000104 0.000842 0.001082 78 4
1715375874 0.000130 0.000108 0.001067 0.001305 51 4
1715375875 0.000120 0.000099 0.000876 0.001095 62 4
1715375876 0.000140 0.000093 0.000241 0.000474 115 4
1715375877 0.000138 0.000100 0.001770 0.002008 56 4
1715375878 0.000137 0.000106 0.000515 0.000758 90 4
1715375879 0.000115 0.000108 0.002527 0.002750 53 4
1715375880 0.000125 0.000098 0.000367 0.000590 102 4
1715375881 0.000131 0.000093 0.000464 0.000688 91 4
1715375882 0.000128 0.000093 0.001667 0.001888 83 4
1715375883 0.000144 0.000097 0.000640 0.000881 89 4
1715375884 0.000128 0.000115 0.000440 0.000683 96 4
1715375885 0.000129 0.000097 0.001173 0.001399 61 4
1715375886 0.000135 0.000107 0.000274 0.000516 111 4
1715375887 0.000130 0.000099 0.000918 0.001147 60 4
1715375888 0.000132 0.000103 0.000499 0.000734 95 4
1715375889 0.000129 0.000105 0.000586 0.000820 82 4
1715375890 0.000125 0.000099 0.001349 0.001573 59 4
1715375891 0.000128 0.000109 0.001027 0.001264 75 4
1715375892 0.000130 0.000112 0.000294 0.000536 111 4
1715375893 0.000134 0.000109 0.000247 0.000490 115 4
1715375894 0.000125 0.000098 0.001069 0.001292 77 4
1715375895 0.000139 0.000104 0.001761 0.002004 58 4
1715375896 0.000132 0.000101 0.000230 0.000463 117 4
1715375897 0.000130 0.000093 0.000293 0.000516 108 4
1715375898 0.000136 0.000101 0.000851 0.001088 78 4
1715375899 0.000126 0.000100 0.002134 0.002360 36 4
1715375900 0.000152 0.000107 0.000480 0.000739 95 4
1715375901 0.000137 0.000095 0.000542 0.000774 86 4
1715375902 0.000132 0.000094 0.000257 0.000483 114 4
1715375903 0.000127 0.000097 0.000416 0.000640 95 4
1715375904 0.000136 0.000109 0.000394 0.000639 98 4
1715375905 0.000141 0.000094 0.000465 0.000700 91 4
1715375906 0.000130 0.000095 0.000648 0.000873 78 4
1715375907 0.000174 0.000101 0.000536 0.000811 85 4
1715375908 0.000140 0.000094 0.001213 0.001447 67 4
1715375909 0.000134 0.000095 0.000848 0.001077 86 4
1715375910 0.000134 0.000100 0.000914 0.001148 63 4
1715375911 0.000131 0.000108 0.000510 0.000749 90 4
1715375912 0.000130 0.000095 0.001156 0.001381 74 4
1715375913 0.000161 0.000088 0.000146 0.000395 126 4
1715375914 0.000121 0.000112 0.000561 0.000794 85 4
1715375915 0.000127 0.000097 0.000351 0.000575 104 4
1715375916 0.000127 0.000099 0.000947 0.001173 81 4
1715375917 0.000129 0.000183 0.000992 0.001304 56 4
1715375918 0.000142 0.000098 0.001111 0.001351 69 4
1715375919 0.000120 0.000098 0.001078 0.001296 68 4
1715375920 0.000118 0.000093 0.000469 0.000680 89 4
1715375921 0.000152 0.000121 0.000668 0.000941 85 4
1715375922 0.000119 0.000099 0.000523 0.000741 97 4
1715375923 0.000129 0.000096 0.002174 0.002399 68 4
1715375924 0.000127 0.000099 0.000417 0.000643 100 4
1715375925 0.000139 0.000103 0.000207 0.000449 118 4
1715375926 0.000138 0.000095 0.000229 0.000462 116 4
1715375927 0.000120 0.000098 0.000808 0.001026 64 4
1715375928 0.000118 0.000096 0.001524 0.001738 54 4
1715375929 0.000125 0.000102 0.000549 0.000776 91 4
1715375930 0.000130 0.000112 0.005978 0.006220 48 4
1715375931 0.000128 0.000103 0.000720 0.000951 81 4
1715375932 0.000141 0.000098 0.000357 0.000596 102 4
1715375933 0.000134 0.000103 0.000560 0.000797 86 4
1715375934 0.000122 0.000097 0.000969 0.001188 72 4
1715375935 0.000152 0.000094 0.000270 0.000516 114 4
1715375936 0.000134 0.000098 0.002045 0.002277 58 4
1715375937 0.000136 0.000098 0.000643 0.000877 95 4
1715375938 0.000113 0.000096 0.001061 0.001270 69 4
1715375939 0.000147 0.000093 0.000338 0.000578 105 4
1715375940 0.000130 0.000098 0.000971 0.001199 61 4
1715375941 0.000119 0.000101 0.001134 0.001354 74 4
1715375942 0.000122 0.000112 0.000583 0.000817 81 4
1715375943 0.000126 0.000098 0.000747 0.000971 73 4
1715375944 0.000138 0.000096 0.000872 0.001106 73 4
1715375945 0.000130 0.000096 0.000358 0.000584 104 4
1715375946 0.000120 0.000104 0.000466 0.000690 91 4
1715375947 0.000127 0.000090 0.000349 0.000566 106 4
1715375948 0.000130 0.000100 0.002375 0.002605 61 4
1715375949 0.000129 0.000095 0.000775 0.000999 86 4
1715375950 0.000127 0.000099 0.000643 0.000869 96 4
1715375951 0.000137 0.000098 0.000672 0.000907 80 4
1715375952 0.000138 0.000095 0.000893 0.001126 65 4
1715375953 0.000131 0.000106 0.000513 0.000750 108 4
1715375954 0.000122 0.000101 0.000985 0.001208 64 4
1715375955 0.000131 0.000098 0.000782 0.001011 90 4
1715375956 0.000117 0.000099 0.006181 0.006397 48 4
1715375957 0.000132 0.000102 0.002014 0.002248 66 4
1715375958 0.000131 0.000094 0.000514 0.000739 91 4
1715375959 0.000131 0.000103 0.000475 0.000709 99 4
1715375960 0.000133 0.000100 0.000260 0.000493 111 4
1715375961 0.000148 0.000093 0.000272 0.000513 110 4
1715375962 0.000126 0.000105 0.001598 0.001829 67 4
1715375963 0.000117 0.000101 0.002217 0.002435 43 4
1715375964 0.000132 0.000096 0.000353 0.000581 104 4
1715375965 0.000133 0.000105 0.000455 0.000693 97 4
1715375966 0.000120 0.000112 0.001233 0.001465 73 4
1715375967 0.000129 0.000100 0.000722 0.000951 73 4
1715375968 0.000126 0.000096 0.001285 0.001507 61 4
1715375969 0.000134 0.000096 0.000863 0.001093 84 4
1715375970 0.000145 0.000100 0.000824 0.001069 75 4
1715375971 0.000134 0.000098 0.001523 0.001755 62 4
1715375972 0.000120 0.000110 0.001355 0.001585 51 4
1715375973 0.000134 0.000100 0.001027 0.001261 60 4
1715375974 0.000135 0.000101 0.000846 0.001082 72 4
1715375975 0.000130 0.000098 0.000587 0.000815 80 4
1715375976 0.000135 0.000102 0.000753 0.000990 81 4
1715375977 0.000107 0.000107 0.000784 0.000998 82 4
1715375978 0.000134 0.000095 0.000491 0.000720 94 4
1715375979 0.000145 0.000092 0.000308 0.000545 108 4
1715375980 0.000135 0.000096 0.000694 0.000925 91 4
1715375981 0.000134 0.000099 0.001045 0.001278 66 4
1715375982 0.000122 0.000096 0.001684 0.001902 56 4
1715375983 0.000136 0.000095 0.000306 0.000537 109 4
1715375984 0.000122 0.000098 0.000349 0.000569 101 4
1715375985 0.000125 0.000110 0.001612 0.001847 63 4
1715375986 0.000132 0.000096 0.001157 0.001385 61 4
1715375987 0.000139 0.000109 0.000642 0.000890 79 4
1715375988 0.000132 0.000090 0.000749 0.000971 97 4
1715375989 0.000147 0.000105 0.000656 0.000908 92 4
1715375990 0.000145 0.000091 0.000269 0.000505 113 4
1715375991 0.000121 0.000108 0.000864 0.001093 67 4
1715375992 0.000128 0.000107 0.000933 0.001168 88 4
1715375993 0.000128 0.000101 0.000423 0.000652 96 4
1715375994 0.000123 0.000099 0.001428 0.001650 43 4
1715375995 0.000125 0.000093 0.000506 0.000724 86 4
1715375996 0.000129 0.000105 0.000409 0.000643 101 4
1715375997 0.000131 0.000100 0.000610 0.000841 83 4
1715375998 0.000130 0.000096 0.000572 0.000798 91 4
1715375999 0.000134 0.000095 0.000534 0.000763 101 4
1715376000 0.000131 0.000095 0.000692 0.000918 88 4
1715376001 0.000240 0.000102 0.000460 0.000802 95 4
1715376002 0.000119 0.000101 0.001097 0.001317 63 4
1715376003 0.000137 0.000094 0.000679 0.000910 97 4
1715376004 0.000120 0.000087 0.000484 0.000691 98 4
1715376005 0.000143 0.000100 0.002754 0.002997 35 4
1715376006 0.000126 0.000100 0.000470 0.000696 94 4
1715376007 0.000125 0.000099 0.000711 0.000935 87 4
1715376008 0.000132 0.000099 0.000819 0.001050 72 4
1715376009 0.000121 0.000103 0.001212 0.001436 56 4
1715376010 0.000140 0.000098 0.000569 0.000807 88 4
1715376011 0.000119 0.000104 0.001510 0.001733 43 4
1715376012 0.000119 0.000101 0.000828 0.001048 84 4
1715376013 0.000131 0.000094 0.000343 0.000568 103 4
1715376014 0.000128 0.000114 0.000814 0.001056 67 4
1715376015 0.000126 0.000103 0.000355 0.000584 105 4
1715376016 0.000140 0.000094 0.000544 0.000778 87 4
1715376017 0.000135 0.000092 0.000385 0.000612 110 4
1715376018 0.000133 0.000097 0.001191 0.001421 84 4
1715376019 0.000135 0.000100 0.000670 0.000905 80 4
1715376020 0.000134 0.000102 0.000696 0.000932 71 4
1715376021 0.000125 0.000094 0.001794 0.002013 70 4
1715376022 0.000120 0.000098 0.002011 0.002229 62 4
1715376023 0.000129 0.000090 0.001026 0.001245 78 4
1715376024 0.000127 0.000097 0.000611 0.000835 82 4
1715376025 0.000129 0.000100 0.000599 0.000828 80 4
1715376026 0.000131 0.000097 0.000710 0.000938 72 4
1715376027 0.000136 0.000093 0.000506 0.000735 94 4
1715376028 0.000133 0.000104 0.000484 0.000721 90 4
1715376029 0.000130 0.000097 0.000744 0.000971 100 4
1715376030 0.000133 0.000098 0.001198 0.001429 49 4
1715376031 0.000119 0.000105 0.002422 0.002646 54 4
1715376032 0.000132 0.000096 0.000742 0.000970 83 4
1715376033 0.000123 0.000110 0.000587 0.000820 83 4
1715376034 0.000134 0.000101 0.001678 0.001913 57 4
1715376035 0.000118 0.000179 0.002324 0.002621 72 4
1715376036 0.000123 0.000097 0.008328 0.008548 39 4
1715376037 0.000138 0.000097 0.000894 0.001129 74 4
1715376038 0.000138 0.000096 0.002427 0.002661 69 4
1715376039 0.000116 0.000105 0.000756 0.000977 67 4
1715376040 0.000120 0.000096 0.000643 0.000859 75 4
1715376041 0.000134 0.000103 0.000605 0.000842 92 4
1715376042 0.000113 0.000110 0.001825 0.002048 35 4
1715376043 0.000127 0.000095 0.000525 0.000747 90 4
1715376044 0.000123 0.000099 0.001375 0.001597 67 4
1715376045 0.000148 0.000101 0.000271 0.000520 109 4
1715376046 0.000128 0.000100 0.000628 0.000856 74 4
1715376047 0.000135 0.000090 0.000303 0.000528 110 4
1715376048 0.000119 0.000096 0.000610 0.000825 83 4
1715376049 0.000120 0.000105 0.000494 0.000719 95 4
1715376050 0.000131 0.000099 0.000865 0.001095 73 4
1715376051 0.000123 0.000109 0.000608 0.000840 74 4
1715376052 0.000141 0.000099 0.000833 0.001073 86 4
1715376053 0.000136 0.000100 0.000691 0.000927 81 4
1715376054 0.000136 0.000095 0.000882 0.001113 79 4
1715376055 0.000152 0.000093 0.000469 0.000714 95 4
1715376056 0.000123 0.000114 0.001263 0.001500 60 4
1715376057 0.000134 0.000094 0.000528 0.000756 98 4
1715376058 0.000139 0.000100 0.000766 0.001005 85 4
1715376059 0.000138 0.000094 0.000336 0.000568 107 4
1715376060 0.000140 0.000097 0.000415 0.000652 100 4
1715376061 0.000124 0.000099 0.000815 0.001038 74 4
1715376062 0.000122 0.000095 0.000603 0.000820 79 4
1715376063 0.000140 0.000098 0.000497 0.000735 90 4
1715376064 0.000126 0.000095 0.000179 0.000400 122 4
1715376065 0.000130 0.000110 0.000345 0.000585 107 4
1715376066 0.000123 0.000113 0.001179 0.001415 64 4
1715376067 0.000132 0.000112 0.001780 0.002024 47 4
1715376068 0.000125 0.000103 0.000418 0.000646 95 4
1715376069 0.000114 0.000096 0.001139 0.001349 72 4
1715376070 0.000127 0.000094 0.000594 0.000815 94 4
1715376071 0.000133 0.000102 0.000377 0.000612 98 4
1715376072 0.000147 0.000097 0.000408 0.000652 99 4
1715376073 0.000130 0.000096 0.000520 0.000746 95 4
1715376074 0.000129 0.000096 0.000455 0.000680 94 4
1715376075 0.000134 0.000098 0.000688 0.000920 96 4
1715376076 0.000134 0.000089 0.000591 0.000814 103 4
1715376077 0.000134 0.000094 0.000612 0.000840 88 4
1715376078 0.000112 0.000093 0.000989 0.001194 58 4
1715376079 0.000128 0.000102 0.000418 0.000648 95 4
1715376080 0.000134 0.000094 0.000731 0.000959 67 4
1715376081 0.000126 0.000096 0.000571 0.000793 77 4
1715376082 0.000129 0.000092 0.000448 0.000669 96 4
1715376083 0.000118 0.000107 0.001023 0.001248 59 4
1715376084 0.000136 0.000093 0.000416 0.000645 100 4
1715376085 0.000129 0.000099 0.000465 0.000693 89 4
1715376086 0.000137 0.000099 0.002561 0.002797 62 4
1715376087 0.000137 0.000095 0.000369 0.000601 107 4
1715376088 0.000132 0.000095 0.000538 0.000765 84 4
1715376089 0.000117 0.000098 0.001639 0.001854 81 4
1715376090 0.000147 0.000095 0.000544 0.000786 91 4
1715376091 0.000119 0.000098 0.000568 0.000785 79 4
1715376092 0.000140 0.000096 0.000375 0.000611 106 4
1715376093 0.000139 0.000094 0.000782 0.001015 82 4
1715376094 0.000146 0.000096 0.000419 0.000661 99 4
1715376095 0.000135 0.000098 0.000715 0.000948 77 4
1715376096 0.000124 0.000099 0.002885 0.003108 32 4
1715376097 0.000129 0.000094 0.000267 0.000490 114 4
1715376098 0.000129 0.000100 0.001040 0.001269 69 4
1715376099 0.000129 0.000096 0.000842 0.001067 79 4
1715376100 0.000130 0.000109 0.000497 0.000736 86 4
1715376101 0.000133 0.000090 0.000287 0.000510 113 4
1715376102 0.000122 0.000097 0.003780 0.003999 71 4
1715376103 0.000137 0.000101 0.000201 0.000439 123 4
1715376104 0.000131 0.000096 0.000396 0.000623 102 4
1715376105 0.000122 0.000099 0.000960 0.001181 63 4
1715376106 0.000121 0.000111 0.000964 0.001196 59 4
1715376107 0.000143 0.000096 0.000803 0.001042 90 4
1715376108 0.000131 0.000102 0.001829 0.002062 54 4
1715376109 0.000124 0.000099 0.000485 0.000708 88 4
1715376110 0.000131 0.000099 0.000896 0.001126 58 4
1715376111 0.000136 0.000104 0.000870 0.001110 70 4
1715376112 0.000132 0.000097 0.000873 0.001102 74 4
1715376113 0.000134 0.000095 0.000726 0.000955 70 4
1715376114 0.000136 0.000094 0.000206 0.000436 119 4
1715376115 0.000134 0.000101 0.001351 0.001586 49 4
1715376116 0.000124 0.000099 0.000826 0.001049 92 4
1715376117 0.000114 0.000101 0.001640 0.001855 52 4
1715376118 0.000133 0.000101 0.001010 0.001244 68 4
1715376119 0.000124 0.000101 0.000385 0.000610 99 4
1715376120 0.000140 0.000095 0.000418 0.000653 99 4
1715376121 0.000113 0.000108 0.001827 0.002048 32 4
1715376122 0.000118 0.000101 0.001064 0.001283 54 4
1715376123 0.000134 0.000099 0.000375 0.000608 101 4
1715376124 0.000133 0.000096 0.001052 0.001281 78 4
1715376125 0.000138 0.000096 0.000408 0.000642 98 4
1715376126 0.000130 0.000108 0.000176 0.000414 122 4
1715376127 0.000123 0.000101 0.000467 0.000691 93 4
1715376128 0.000129 0.000098 0.001646 0.001873 34 4
1715376129 0.000117 0.000095 0.001760 0.001972 65 4
1715376130 0.000159 0.000090 0.000215 0.000464 118 4
1715376131 0.000130 0.000097 0.001032 0.001259 43 4
1715376132 0.000130 0.000107 0.000457 0.000694 92 4
1715376133 0.000126 0.000099 0.000830 0.001055 78 4
1715376134 0.000139 0.000094 0.000382 0.000615 101 4
1715376135 0.000126 0.000100 0.000679 0.000905 80 4
1715376136 0.000127 0.000095 0.000408 0.000630 99 4
1715376137 0.000133 0.000100 0.000475 0.000708 98 4
1715376138 0.000134 0.000098 0.003972 0.004204 38 4
1715376139 0.000126 0.000094 0.000941 0.001161 80 4
1715376140 0.000122 0.000103 0.001423 0.001648 65 4
1715376141 0.000137 0.000096 0.000509 0.000742 100 4
1715376142 0.000145 0.000096 0.000470 0.000711 104 4
1715376143 0.000127 0.000110 0.002201 0.002438 48 4
1715376144 0.000139 0.000095 0.000624 0.000858 85 4
1715376145 0.000111 0.000096 0.001215 0.001422 44 4
1715376146 0.000139 0.000093 0.000385 0.000617 100 4
1715376147 0.000129 0.000098 0.000604 0.000831 88 4
1715376148 0.000119 0.000104 0.001739 0.001962 80 4
1715376149 0.000125 0.000097 0.012697 0.012919 31 4
1715376150 0.000114 0.000098 0.002073 0.002285 56 4
1715376151 0.000132 0.000100 0.001751 0.001983 50 4
1715376152 0.000125 0.000100 0.003001 0.003226 35 4
1715376153 0.000123 0.000100 0.002319 0.002542 69 4
1715376154 0.000120 0.000097 0.000816 0.001033 59 4
1715376155 0.000122 0.000104 0.000664 0.000890 72 4
1715376156 0.000141 0.000105 0.000241 0.000487 114 4
1715376157 0.000121 0.000109 0.000458 0.000688 94 4
1715376158 0.000142 0.000100 0.000613 0.000855 89 4
1715376159 0.000123 0.000099 0.000392 0.000614 99 4
1715376160 0.000132 0.000193 0.000588 0.000913 80 4
1715376161 0.000135 0.000095 0.000371 0.000601 100 4
