1715374061 0.000150 0.000176 0.591749 0.592075 2 4
1715374062 0.000117 0.000105 0.033859 0.034081 8 4
1715374063 0.000100 0.000116 1.168428 1.168644 5 4
1715374064 0.000098 0.000099 0.013457 0.013654 7 4
1715374065 0.000102 0.000104 0.013805 0.014011 14 4
1715374066 0.000111 0.000095 0.092552 0.092758 5 4
1715374067 0.000117 0.000102 0.056657 0.056876 6 4
1715374068 0.000100 0.000098 0.100781 0.100979 5 4
1715374069 0.000111 0.000102 0.304204 0.304417 12 4
1715374070 0.000105 0.000105 0.461441 0.461651 15 4
1715374071 0.000153 0.000098 0.436310 0.436561 17 4
1715374072 0.000132 0.000111 0.046471 0.046714 19 4
1715374073 0.000096 0.000100 0.073034 0.073230 20 4
1715374074 0.000122 0.000117 0.003802 0.004041 30 4
1715374075 0.000098 0.000094 0.016417 0.016609 7 4
1715374076 0.000108 0.000099 0.035703 0.035910 5 4
1715374077 0.000108 0.000095 0.027496 0.027699 4 4
1715374078 0.000108 0.000111 0.040487 0.040706 4 4
1715374079 0.000113 0.000107 0.729579 0.729799 4 4
1715374080 0.000091 0.000093 0.044798 0.044982 4 4
1715374081 0.000089 0.000095 0.002177 0.002361 29 4
1715374082 0.000087 0.000087 0.056889 0.057063 1 4
1715374083 0.000091 0.000096 0.215465 0.215652 10 4
1715374084 0.000142 0.000099 0.004659 0.004900 42 4
1715374085 0.000106 0.000097 0.001018 0.001221 42 4
1715374086 0.000088 0.000088 0.015467 0.015643 16 4
1715374087 0.000098 0.000089 0.038221 0.038408 6 4
1715374088 0.000094 0.000096 0.002642 0.002832 41 4
1715374089 0.000093 0.000092 0.011711 0.011896 24 4
1715374090 0.000115 0.000091 0.436871 0.437077 12 4
1715374091 0.000095 0.000092 0.167703 0.167890 0 4
1715374092 0.000088 0.000094 0.030890 0.031072 20 4
1715374093 0.000092 0.000093 0.044142 0.044327 13 4
1715374094 0.000099 0.000093 0.006668 0.006860 11 4
1715374095 0.000092 0.000088 0.739442 0.739622 7 4
1715374096 0.000088 0.000095 0.038232 0.038415 8 4
1715374097 0.000084 0.000091 0.170557 0.170732 8 4
1715374098 0.000073 0.000088 5.694902 5.695063 0 4
1715374099 0.000086 0.000093 0.116562 0.116741 5 4
1715374100 0.000090 0.000094 0.243656 0.243840 15 4
1715374101 0.000074 0.000089 14.763952 14.764115 2 4
1715374102 0.000075 0.000092 2.560797 2.560964 1 4
1715374103 0.000086 0.000095 0.001608 0.001789 9 4
1715374104 0.000080 0.000091 0.041817 0.041988 3 4
1715374105 0.000114 0.000091 0.018938 0.019143 15 4
1715374106 0.000100 0.000088 0.326931 0.327119 2 4
1715374107 0.000100 0.000095 0.146655 0.146850 7 4
1715374108 0.000100 0.000096 0.134207 0.134403 29 4
1715374109 0.000119 0.000103 0.002224 0.002446 21 4
1715374110 0.000086 0.000087 0.013035 0.013208 8 4
1715374111 0.000091 0.000089 1.222566 1.222746 2 4
1715374112 0.000080 0.000093 0.327694 0.327867 16 4
1715374113 0.000105 0.000091 0.070078 0.070274 2 4
1715374114 0.000111 0.000093 0.118422 0.118626 8 4
1715374115 0.000088 0.000089 3.873135 3.873312 0 4
1715374116 0.000097 0.000100 0.007631 0.007828 21 4
1715374117 0.000087 0.000091 0.004754 0.004932 11 4
1715374118 0.000082 0.000090 0.191554 0.191726 4 4
1715374119 0.000083 0.000092 0.249266 0.249441 17 4
1715374120 0.000076 0.000088 0.030973 0.031137 0 4
1715374121 0.000085 0.000091 0.008543 0.008719 14 4
1715374122 0.000094 0.000092 0.036612 0.036798 18 4
1715374123 0.000086 0.000092 0.022702 0.022880 24 4
1715374124 0.000092 0.000092 0.004100 0.004284 26 4
1715374125 0.000077 0.000086 1.666689 1.666852 3 4
1715374126 0.000088 0.000095 0.004141 0.004324 16 4
1715374127 0.000078 0.000084 0.367573 0.367735 1 4
1715374128 0.000089 0.000106 0.149709 0.149904 22 4
1715374129 0.000107 0.000096 0.005569 0.005772 13 4
1715374130 0.000090 0.000089 4.034893 4.035072 4 4
1715374131 0.000106 0.000094 0.015343 0.015543 12 4
1715374132 0.000080 0.000089 0.210736 0.210905 9 4
1715374133 0.000091 0.000096 16.560226 16.560413 2 4
1715374134 0.000087 0.000095 36.299413 36.299595 2 4
1715374135 0.000083 0.000114 0.474909 0.475106 19 4
1715374136 0.000116 0.000097 0.147447 0.147660 10 4
1715374137 0.000098 0.000092 0.004166 0.004356 6 4
1715374138 0.000101 0.000092 0.042615 0.042808 22 4
1715374139 0.000107 0.000100 0.002233 0.002440 14 4
1715374140 0.000098 0.000086 0.129795 0.129979 2 4
1715374141 0.000101 0.000095 0.061739 0.061935 30 4
1715374142 0.000106 0.000092 0.074409 0.074607 6 4
1715374143 0.000091 0.000092 0.002483 0.002666 18 4
1715374144 0.000097 0.000091 0.037057 0.037245 17 4
1715374145 0.000107 0.000098 0.002676 0.002881 36 4
1715374146 0.000093 0.000091 0.016178 0.016362 17 4
1715374147 0.000095 0.000091 0.006587 0.006773 29 4
1715374148 0.000108 0.000100 0.002400 0.002608 46 4
1715374149 0.000078 0.000088 0.128437 0.128603 3 4
1715374150 0.000117 0.000096 0.016383 0.016596 33 4
1715374151 0.000096 0.000091 0.007043 0.007230 15 4
1715374152 0.000090 0.000093 1.125976 1.126159 8 4
1715374153 0.000113 0.000094 0.144844 0.145051 17 4
1715374154 0.000116 0.000096 0.002252 0.002464 41 4
1715374155 0.000084 0.000086 0.367859 0.368029 7 4
1715374156 0.000105 0.000091 0.052362 0.052558 25 4
1715374157 0.000108 0.000092 0.353954 0.354154 6 4
1715374158 0.000111 0.000094 0.002917 0.003122 30 4
1715374159 0.000090 0.000093 0.106951 0.107134 12 4
1715374160 0.000101 0.000098 0.003338 0.003537 15 4
1715374161 0.000094 0.000094 7.111181 7.111369 4 4
1715374162 0.000091 0.000097 0.003988 0.004176 37 4
1715374163 0.000078 0.000086 0.751969 0.752133 0 4
1715374164 0.000073 0.000089 0.012392 0.012554 4 4
1715374165 0.000082 0.000092 0.011906 0.012080 21 4
1715374166 0.000071 0.000085 11.110052 11.110208 3 4
1715374167 0.000093 0.000098 0.001982 0.002173 39 4
1715374168 0.000089 0.000092 0.002804 0.002985 30 4
1715374169 0.000082 0.000087 0.053471 0.053640 1 4
1715374170 0.000089 0.000095 0.035818 0.036002 15 4
1715374171 0.000105 0.000096 0.027999 0.028200 4 4
1715374172 0.000107 0.000098 0.011684 0.011889 28 4
1715374173 0.000095 0.000090 3.265393 3.265578 1 4
1715374174 0.000110 0.000105 0.023962 0.024177 17 4
1715374175 0.000093 0.000092 0.865035 0.865220 0 4
1715374176 0.000082 0.000091 0.588340 0.588513 4 4
1715374177 0.000091 0.000098 0.011959 0.012148 12 4
1715374178 0.000077 0.000086 0.017515 0.017678 5 4
1715374179 0.000093 0.000092 0.064771 0.064956 6 4
1715374180 0.000092 0.000093 0.003296 0.003481 41 4
1715374181 0.000081 0.000089 0.044210 0.044380 10 4
1715374182 0.000095 0.000096 0.009944 0.010135 23 4
1715374183 0.000107 0.000091 0.021384 0.021582 13 4
1715374184 0.000099 0.000091 0.008941 0.009131 16 4
1715374185 0.000099 0.000095 0.009232 0.009426 18 4
1715374186 0.000111 0.000096 0.499173 0.499380 15 4
1715374187 0.000098 0.000090 0.224002 0.224190 3 4
1715374188 0.000110 0.000096 0.027060 0.027266 2 4
1715374189 0.000089 0.000088 0.044155 0.044332 6 4
1715374190 0.000107 0.000092 0.028976 0.029175 27 4
1715374191 0.000104 0.000094 0.005276 0.005474 23 4
1715374192 0.000097 0.000088 0.246712 0.246897 7 4
1715374193 0.000116 0.000095 0.018739 0.018950 15 4
1715374194 0.000086 0.000087 0.165451 0.165624 5 4
1715374195 0.000098 0.000091 1.872409 1.872598 0 4
1715374196 0.000083 0.000092 37.164868 37.165043 2 4
1715374197 0.000088 0.000097 0.085249 0.085434 16 4
1715374198 0.000087 0.000095 0.021708 0.021890 3 4
1715374199 0.000076 0.000086 0.005750 0.005912 0 4
1715374200 0.000084 0.000090 0.016618 0.016792 7 4
1715374201 0.000086 0.000093 0.052607 0.052786 15 4
1715374202 0.000086 0.000092 0.022181 0.022359 14 4
1715374203 0.000094 0.000095 0.004601 0.004790 43 4
1715374204 0.000083 0.000086 0.036350 0.036519 17 4
1715374205 0.000084 0.000090 0.051940 0.052114 22 4
1715374206 0.000091 0.000093 0.011149 0.011333 28 4
1715374207 0.000090 0.000091 0.005464 0.005645 14 4
1715374208 0.000087 0.000089 0.418674 0.418850 13 4
1715374209 0.000081 0.000093 0.086359 0.086533 1 4
1715374210 0.000085 0.000094 0.073385 0.073564 5 4
1715374211 0.000087 0.000094 0.024458 0.024639 11 4
1715374212 0.000094 0.000087 0.186995 0.187176 23 4
1715374213 0.000115 0.000100 0.053974 0.054189 20 4
1715374214 0.000117 0.000100 0.002668 0.002885 18 4
1715374215 0.000083 0.000086 0.379004 0.379173 3 4
1715374216 0.000113 0.000098 0.038122 0.038333 25 4
1715374217 0.000082 0.000089 0.156710 0.156881 0 4
1715374218 0.000084 0.000093 1.101203 1.101380 2 4
1715374219 0.000114 0.000096 0.104267 0.104477 18 4
1715374220 0.000107 0.000096 0.007914 0.008117 33 4
1715374221 0.000086 0.000087 0.160188 0.160361 24 4
1715374222 0.000099 0.000092 0.028508 0.028699 4 4
1715374223 0.000097 0.000097 0.020871 0.021065 26 4
1715374224 0.000084 0.000089 0.012457 0.012630 9 4
1715374225 0.000090 0.000091 0.757716 0.757897 10 4
1715374226 0.000093 0.000094 0.033847 0.034034 12 4
1715374227 0.000088 0.000091 0.043358 0.043537 18 4
1715374228 0.000092 0.000095 0.100206 0.100393 13 4
1715374229 0.000096 0.000096 0.006020 0.006212 28 4
1715374230 0.000088 0.000089 0.001878 0.002055 40 4
1715374231 0.000078 0.000088 0.008697 0.008863 13 4
1715374232 0.000086 0.000088 0.035685 0.035859 8 4
1715374233 0.000089 0.000096 0.011660 0.011845 28 4
1715374234 0.000087 0.000090 0.102295 0.102472 12 4
1715374235 0.000083 0.000089 0.323201 0.323373 2 4
1715374236 0.000091 0.000092 0.004743 0.004926 4 4
1715374237 0.000082 0.000086 0.078129 0.078297 1 4
1715374238 0.000084 0.000090 0.015546 0.015720 4 4
1715374239 0.000091 0.000092 0.012691 0.012874 13 4
1715374240 0.000095 0.000092 0.072306 0.072493 18 4
1715374241 0.000100 0.000096 0.001376 0.001572 39 4
1715374242 0.000083 0.000088 0.150377 0.150548 7 4
1715374243 0.000082 0.000091 0.142978 0.143151 3 4
1715374244 0.000091 0.000094 0.047266 0.047451 14 4
1715374245 0.000076 0.000089 1.673192 1.673357 4 4
1715374246 0.000094 0.000094 0.013389 0.013577 16 4
1715374247 0.000092 0.000097 0.023671 0.023860 19 4
1715374248 0.000086 0.000091 0.035901 0.036078 28 4
1715374249 0.000078 0.000089 0.068346 0.068513 12 4
1715374250 0.000092 0.000097 0.079951 0.080140 17 4
1715374251 0.000096 0.000098 0.006448 0.006642 38 4
1715374252 0.000092 0.000093 0.007562 0.007747 30 4
1715374253 0.000083 0.000087 0.492999 0.493169 11 4
1715374254 0.000086 0.000091 0.004128 0.004305 10 4
1715374255 0.000081 0.000087 0.131644 0.131812 4 4
1715374256 0.000097 0.000096 0.102350 0.102543 11 4
1715374257 0.000079 0.000087 0.064930 0.065096 20 4
1715374258 0.000092 0.000092 0.861711 0.861895 10 4
1715374259 0.000092 0.000095 0.018890 0.019077 22 4
1715374260 0.000089 0.000089 0.071164 0.071342 1 4
1715374261 0.000080 0.000089 0.675068 0.675237 8 4
1715374262 0.000094 0.000099 0.003240 0.003433 26 4
1715374263 0.000085 0.000089 0.007317 0.007491 9 4
1715374264 0.000087 0.000090 0.039711 0.039888 6 4
1715374265 0.000092 0.000092 0.001952 0.002136 39 4
1715374266 0.000082 0.000088 0.055485 0.055655 5 4
1715374267 0.000082 0.000090 0.487191 0.487363 11 4
1715374268 0.000093 0.000095 0.000928 0.001116 50 4
1715374269 0.000091 0.000089 0.011336 0.011516 5 4
1715374270 0.000098 0.000097 0.005276 0.005471 40 4
1715374271 0.000071 0.000083 0.073396 0.073550 5 4
1715374272 0.000084 0.000094 0.232659 0.232837 10 4
1715374273 0.000087 0.000095 2.041024 2.041206 7 4
1715374274 0.000095 0.000097 0.032429 0.032621 17 4
1715374275 0.000093 0.000094 0.007182 0.007369 23 4
1715374276 0.000091 0.000089 0.007149 0.007329 22 4
1715374277 0.000087 0.000090 0.033330 0.033507 11 4
1715374278 0.000091 0.000091 0.054354 0.054536 3 4
1715374279 0.000086 0.000092 0.081203 0.081381 9 4
1715374280 0.000083 0.000090 0.370069 0.370242 9 4
1715374281 0.000096 0.000098 0.102813 0.103007 10 4
1715374282 0.000082 0.000091 0.045274 0.045447 5 4
1715374283 0.000076 0.000085 0.221956 0.222117 0 4
1715374284 0.000085 0.000091 0.008757 0.008933 15 4
1715374285 0.000095 0.000092 0.010287 0.010474 27 4
1715374286 0.000076 0.000085 0.714289 0.714450 4 4
1715374287 0.000077 0.000087 2.379447 2.379611 1 4
1715374288 0.000089 0.000093 0.058355 0.058537 2 4
1715374289 0.000084 0.000089 1.598415 1.598588 3 4
1715374290 0.000082 0.000092 0.936966 0.937140 3 4
1715374291 0.000091 0.000096 0.023504 0.023691 3 4
1715374292 0.000088 0.000090 0.146582 0.146760 7 4
1715374293 0.000087 0.000093 0.033087 0.033267 19 4
1715374294 0.000093 0.000094 0.065073 0.065260 15 4
1715374295 0.000093 0.000093 0.131987 0.132173 17 4
1715374296 0.000096 0.000098 0.035168 0.035362 12 4
1715374297 0.000090 0.000092 0.797007 0.797189 5 4
1715374298 0.000107 0.000099 0.017638 0.017844 28 4
1715374299 0.000091 0.000091 0.007351 0.007533 10 4
1715374300 0.000085 0.000090 0.355661 0.355836 12 4
1715374301 0.000085 0.000091 0.271563 0.271739 0 4
1715374302 0.000086 0.000091 0.288850 0.289027 8 4
1715374303 0.000088 0.000093 0.161992 0.162173 7 4
1715374304 0.000100 0.000091 0.338420 0.338611 3 4
1715374305 0.000099 0.000096 0.002680 0.002875 29 4
1715374306 0.000090 0.000091 0.029766 0.029947 21 4
1715374307 0.000086 0.000092 0.063963 0.064141 24 4
1715374308 0.000086 0.000092 1.236319 1.236497 5 4
1715374309 0.000082 0.000090 4.919436 4.919608 2 4
1715374310 0.000111 0.000102 0.001768 0.001981 57 4
1715374311 0.000084 0.000090 0.084502 0.084676 14 4
1715374312 0.000097 0.000102 0.014611 0.014810 19 4
1715374313 0.000081 0.000088 0.189491 0.189660 8 4
1715374314 0.000099 0.000095 0.003185 0.003379 21 4
1715374315 0.000097 0.000094 0.018071 0.018262 22 4
1715374316 0.000086 0.000089 0.208169 0.208344 4 4
1715374317 0.000087 0.000092 0.042379 0.042558 12 4
1715374318 0.000087 0.000092 0.055360 0.055539 13 4
1715374319 0.000091 0.000090 0.088767 0.088948 26 4
1715374320 0.000094 0.000094 4.125714 4.125902 9 4
1715374321 0.000086 0.000094 0.443114 0.443294 16 4
1715374322 0.000095 0.000094 1.100061 1.100250 1 4
1715374323 0.000104 0.000098 0.008544 0.008746 39 4
1715374324 0.000083 0.000088 0.386378 0.386549 5 4
1715374325 0.000094 0.000095 0.025992 0.026181 16 4
1715374326 0.000090 0.000091 0.014056 0.014237 10 4
1715374327 0.000090 0.000088 0.005566 0.005744 7 4
1715374328 0.000083 0.000088 0.327880 0.328051 3 4
1715374329 0.000078 0.000089 0.225443 0.225610 0 4
1715374330 0.000094 0.000094 0.023986 0.024174 25 4
1715374331 0.000088 0.000091 0.395663 0.395842 20 4
1715374332 0.000127 0.000099 0.006016 0.006242 26 4
1715374333 0.000091 0.000094 0.006032 0.006217 28 4
1715374334 0.000113 0.000096 0.022303 0.022512 43 4
1715374335 0.000094 0.000091 0.019638 0.019823 1 4
1715374336 0.000085 0.000092 0.122505 0.122682 8 4
1715374337 0.000100 0.000091 0.320562 0.320753 11 4
1715374338 0.000092 0.000095 0.010590 0.010777 16 4
1715374339 0.000094 0.000092 0.009604 0.009790 16 4
1715374340 0.000085 0.000110 408.777070 408.777265 4 4
1715374341 0.000094 0.000102 0.001371 0.001567 22 4
1715374342 0.000094 0.000092 0.009466 0.009652 15 4
1715374343 0.000090 0.000092 0.030715 0.030897 9 4
1715374344 0.000083 0.000091 0.183871 0.184045 13 4
1715374345 0.000089 0.000093 0.413169 0.413351 5 4
1715374346 0.000096 0.000096 0.007220 0.007412 23 4
1715374347 0.000093 0.000093 0.004978 0.005164 30 4
1715374348 0.000092 0.000093 0.004120 0.004305 26 4
1715374349 0.000088 0.000092 0.212871 0.213051 9 4
1715374350 0.000093 0.000092 0.966697 0.966882 8 4
1715374351 0.000096 0.000098 0.021890 0.022084 22 4
1715374352 0.000086 0.000090 0.011367 0.011543 16 4
1715374353 0.000089 0.000092 0.010535 0.010716 8 4
1715374354 0.000091 0.000092 0.019076 0.019259 23 4
1715374355 0.000089 0.000091 0.066887 0.067067 19 4
1715374356 0.000093 0.000091 0.042879 0.043063 15 4
1715374357 0.000099 0.000097 0.042019 0.042215 40 4
1715374358 0.000085 0.000093 12.245338 12.245516 10 4
1715374359 0.000093 0.000098 0.987330 0.987521 7 4
1715374360 0.000101 0.000098 0.036524 0.036723 36 4
1715374361 0.000097 0.000092 0.055190 0.055379 6 4
1715374362 0.000100 0.000098 0.008053 0.008251 23 4
1715374363 0.000084 0.000087 0.275910 0.276081 0 4
1715374364 0.000098 0.000095 0.008827 0.009020 25 4
1715374365 0.000088 0.000089 0.430724 0.430901 21 4
1715374366 0.000101 0.000097 0.133681 0.133879 14 4
1715374367 0.000088 0.000092 0.009098 0.009278 1 4
1715374368 0.000089 0.000088 0.210928 0.211105 0 4
1715374369 0.000092 0.000094 0.022659 0.022845 0 4
1715374370 0.000094 0.000095 0.007258 0.007447 22 4
1715374371 0.000097 0.000092 0.013334 0.013523 44 4
1715374372 0.000081 0.000088 0.013648 0.013817 15 4
1715374373 0.000077 0.000086 0.925701 0.925864 10 4
1715374374 0.000105 0.000095 0.002767 0.002967 32 4
1715374375 0.000086 0.000089 0.319257 0.319432 19 4
1715374376 0.000086 0.000092 0.002445 0.002623 49 4
1715374377 0.000091 0.000092 0.211435 0.211618 18 4
1715374378 0.000089 0.000094 0.059868 0.060051 26 4
1715374379 0.000098 0.000098 0.030161 0.030357 21 4
1715374380 0.000092 0.000089 0.015916 0.016097 19 4
1715374381 0.000092 0.000088 0.109472 0.109652 6 4
1715374382 0.000103 0.000092 0.190745 0.190940 11 4
1715374383 0.000083 0.000091 1.182612 1.182786 5 4
1715374384 0.000097 0.000098 0.010435 0.010630 11 4
1715374385 0.000086 0.000087 0.447895 0.448068 3 4
1715374386 0.000091 0.000092 0.357677 0.357860 5 4
1715374387 0.000093 0.000095 4.792225 4.792413 4 4
1715374388 0.000089 0.000095 0.006112 0.006296 6 4
1715374389 0.000105 0.000099 0.002976 0.003180 32 4
1715374390 0.000085 0.000090 0.021757 0.021932 8 4
1715374391 0.000098 0.000092 0.348419 0.348609 24 4
1715374392 0.000107 0.000093 0.820928 0.821128 22 4
1715374393 0.000095 0.000095 0.004687 0.004877 33 4
1715374394 0.000098 0.000094 0.004514 0.004706 21 4
1715374395 0.000119 0.000100 0.049058 0.049277 15 4
1715374396 0.000109 0.000093 0.122687 0.122889 15 4
1715374397 0.000108 0.000092 0.009319 0.009519 11 4
1715374398 0.000092 0.000090 0.048735 0.048917 11 4
1715374399 0.000090 0.000093 0.062673 0.062856 22 4
1715374400 0.000096 0.000093 0.199726 0.199915 17 4
1715374401 0.000094 0.000095 0.086550 0.086739 5 4
1715374402 0.000097 0.000094 0.031226 0.031417 23 4
1715374403 0.000087 0.000091 0.034198 0.034376 6 4
1715374404 0.000082 0.000088 0.151985 0.152155 12 4
1715374405 0.000096 0.000093 0.011205 0.011394 14 4
1715374406 0.000089 0.000088 0.035790 0.035967 0 4
1715374407 0.000097 0.000092 0.008036 0.008225 15 4
1715374408 0.000088 0.000088 0.234928 0.235104 11 4
1715374409 0.000097 0.000098 0.002152 0.002347 54 4
1715374410 0.000091 0.000090 0.115801 0.115982 14 4
1715374411 0.000087 0.000091 0.052758 0.052936 9 4
1715374412 0.000093 0.000096 0.015868 0.016057 8 4
1715374413 0.000078 0.000087 1.086764 1.086929 2 4
1715374414 0.000093 0.000092 0.024357 0.024542 6 4
1715374415 0.000084 0.000087 0.017051 0.017222 2 4
1715374416 0.000089 0.000090 0.353994 0.354173 8 4
1715374417 0.000100 0.000097 0.069782 0.069979 17 4
1715374418 0.000090 0.000090 6.777663 6.777843 9 4
1715374419 0.000086 0.000092 0.075251 0.075429 2 4
1715374420 0.000098 0.000098 0.037318 0.037514 23 4
1715374421 0.000101 0.000093 0.113871 0.114065 7 4
1715374422 0.000090 0.000092 0.078680 0.078862 17 4
1715374423 0.000083 0.000089 0.014158 0.014330 11 4
1715374424 0.000084 0.000088 0.043544 0.043716 23 4
1715374425 0.000102 0.000094 0.009654 0.009850 25 4
1715374426 0.000081 0.000086 0.004325 0.004492 3 4
1715374427 0.000101 0.000097 0.010971 0.011169 24 4
1715374428 0.000103 0.000094 0.108501 0.108698 2 4
1715374429 0.000090 0.000093 0.019811 0.019994 20 4
1715374430 0.000092 0.000090 0.790576 0.790758 7 4
1715374431 0.000086 0.000093 11.012319 11.012498 9 4
1715374432 0.000096 0.000099 0.035517 0.035712 8 4
1715374433 0.000098 0.000097 0.003294 0.003489 23 4
1715374434 0.000094 0.000093 0.013565 0.013752 17 4
1715374435 0.000097 0.000093 0.043888 0.044078 24 4
1715374436 0.000101 0.000100 0.004308 0.004509 47 4
1715374437 0.000091 0.000090 0.027422 0.027603 5 4
1715374438 0.000079 0.000088 0.074603 0.074770 10 4
1715374439 0.000091 0.000090 0.064445 0.064626 1 4
1715374440 0.000096 0.000091 0.017532 0.017719 12 4
1715374441 0.000093 0.000094 0.002145 0.002332 18 4
1715374442 0.000098 0.000093 0.051993 0.052184 15 4
1715374443 0.000084 0.000089 0.143806 0.143979 1 4
1715374444 0.000124 0.000099 0.010989 0.011212 34 4
1715374445 0.000095 0.000089 4.942567 4.942751 1 4
1715374446 0.000091 0.000097 0.017707 0.017895 17 4
1715374447 0.000092 0.000092 0.401732 0.401916 7 4
1715374448 0.000092 0.000092 0.014475 0.014659 4 4
1715374449 0.000089 0.000091 0.104385 0.104565 5 4
1715374450 0.000097 0.000095 0.026493 0.026685 21 4
1715374451 0.000083 0.000089 0.133982 0.134154 7 4
1715374452 0.000091 0.000092 0.007724 0.007907 7 4
1715374453 0.000089 0.000091 0.012076 0.012256 4 4
1715374454 0.000100 0.000092 0.010495 0.010687 11 4
1715374455 0.000085 0.000089 1.846201 1.846375 0 4
1715374456 0.000083 0.000092 0.010674 0.010849 19 4
1715374457 0.000080 0.000087 0.010770 0.010937 3 4
1715374458 0.000087 0.000092 0.047273 0.047452 23 4
1715374459 0.000093 0.000092 0.161077 0.161262 8 4
1715374460 0.000101 0.000094 0.001863 0.002058 47 4
1715374461 0.000090 0.000091 0.033028 0.033209 14 4
1715374462 0.000090 0.000091 0.083981 0.084162 28 4
1715374463 0.000090 0.000092 0.609958 0.610140 11 4
1715374464 0.000095 0.000093 0.023924 0.024112 20 4
1715374465 0.000105 0.000095 0.001040 0.001240 49 4
1715374466 0.000108 0.000091 0.172690 0.172889 12 4
1715374467 0.000095 0.000095 0.003247 0.003437 30 4
1715374468 0.000093 0.000093 0.017375 0.017561 9 4
1715374469 0.000085 0.000089 0.253255 0.253429 5 4
1715374470 0.000099 0.000095 0.003171 0.003365 26 4
1715374471 0.000098 0.000093 0.001791 0.001982 20 4
1715374472 0.000097 0.000094 0.005461 0.005652 29 4
1715374473 0.000080 0.000088 0.016930 0.017098 23 4
1715374474 0.000092 0.000093 0.465891 0.466076 10 4
1715374475 0.000092 0.000096 0.009332 0.009520 24 4
1715374476 0.000094 0.000091 0.132406 0.132591 3 4
1715374477 0.000084 0.000091 0.013887 0.014062 3 4
1715374478 0.000083 0.000091 0.026033 0.026207 16 4
1715374479 0.000081 0.000085 0.349329 0.349495 0 4
1715374480 0.000105 0.000092 0.019672 0.019869 15 4
1715374481 0.000085 0.000090 0.188480 0.188655 10 4
1715374482 0.000088 0.000090 0.099559 0.099737 3 4
1715374483 0.000081 0.000090 0.473658 0.473829 4 4
1715374484 0.000083 0.000090 0.012061 0.012234 2 4
1715374485 0.000091 0.000090 0.006623 0.006804 19 4
1715374486 0.000104 0.000090 0.002796 0.002990 24 4
1715374487 0.000083 0.000085 0.347357 0.347525 16 4
1715374488 0.000094 0.000095 0.204734 0.204923 6 4
1715374489 0.000083 0.000088 0.212606 0.212777 6 4
1715374490 0.000081 0.000088 0.500160 0.500329 6 4
1715374491 0.000091 0.000088 0.166753 0.166932 21 4
1715374492 0.000094 0.000092 0.197593 0.197779 2 4
1715374493 0.000097 0.000095 0.042089 0.042281 25 4
1715374494 0.000094 0.000092 0.003961 0.004147 19 4
1715374495 0.000089 0.000091 1.042600 1.042780 6 4
1715374496 0.000102 0.000099 0.123740 0.123941 17 4
1715374497 0.000103 0.000098 0.002023 0.002224 41 4
1715374498 0.000099 0.000094 0.010538 0.010731 4 4
1715374499 0.000088 0.000092 0.053812 0.053992 17 4
1715374500 0.000089 0.000094 0.023793 0.023976 17 4
1715374501 0.000094 0.000091 1.245866 1.246051 12 4
1715374502 0.000100 0.000098 0.001677 0.001875 43 4
1715374503 0.000085 0.000089 0.031788 0.031962 7 4
1715374504 0.000085 0.000090 0.286035 0.286210 5 4
1715374505 0.000105 0.000097 0.008553 0.008755 37 4
1715374506 0.000088 0.000092 0.341575 0.341755 10 4
1715374507 0.000093 0.000094 0.096690 0.096877 6 4
1715374508 0.000098 0.000091 0.031098 0.031287 12 4
1715374509 0.000087 0.000091 0.388582 0.388760 3 4
1715374510 0.000098 0.000095 0.995422 0.995615 3 4
1715374511 0.000105 0.000097 0.008414 0.008616 25 4
1715374512 0.000078 0.000087 0.005389 0.005554 6 4
1715374513 0.000094 0.000092 0.004798 0.004984 20 4
1715374514 0.000093 0.000094 0.250500 0.250687 21 4
1715374515 0.000087 0.000090 0.014955 0.015132 14 4
1715374516 0.000081 0.000087 5.637735 5.637903 9 4
1715374517 0.000091 0.000095 0.004064 0.004250 16 4
1715374518 0.000094 0.000094 0.009110 0.009298 13 4
1715374519 0.000091 0.000092 20.775736 20.775919 19 4
1715374520 0.000096 0.000097 0.153088 0.153281 3 4
1715374521 0.000094 0.000097 0.005642 0.005833 25 4
1715374522 0.000108 0.000093 0.026654 0.026855 26 4
1715374523 0.000112 0.000100 0.059993 0.060205 12 4
1715374524 0.000109 0.000090 0.002620 0.002819 22 4
1715374525 0.000091 0.000092 0.009539 0.009722 7 4
1715374526 0.000099 0.000091 0.025013 0.025203 10 4
1715374527 0.000110 0.000097 0.191814 0.192021 16 4
1715374528 0.000110 0.000095 0.011081 0.011286 14 4
1715374529 0.000085 0.000087 4.604944 4.605116 2 4
1715374530 0.000107 0.000097 0.044282 0.044486 3 4
1715374531 0.000106 0.000095 0.005148 0.005349 31 4
1715374532 0.000078 0.000086 0.338412 0.338576 0 4
1715374533 0.000095 0.000090 0.776364 0.776549 3 4
1715374534 0.000110 0.000100 0.001376 0.001586 45 4
1715374535 0.000082 0.000088 1.287081 1.287251 7 4
1715374536 0.000095 0.000092 0.130653 0.130840 16 4
1715374537 0.000106 0.000097 0.007027 0.007230 21 4
1715374538 0.000094 0.000093 0.005872 0.006059 18 4
1715374539 0.000096 0.000091 0.002655 0.002842 32 4
1715374540 0.000076 0.000087 0.091203 0.091366 0 4
1715374541 0.000103 0.000093 1.567718 1.567914 7 4
1715374542 0.000093 0.000111 0.366487 0.366691 2 4
1715374543 0.000097 0.000094 0.027756 0.027947 23 4
1715374544 0.000089 0.000092 0.157103 0.157284 7 4
1715374545 0.000103 0.000093 0.017133 0.017329 24 4
1715374546 0.000088 0.000089 0.186044 0.186221 4 4
1715374547 0.000100 0.000099 0.013242 0.013441 19 4
1715374548 0.000097 0.000087 0.150602 0.150786 2 4
1715374549 0.000091 0.000088 0.171563 0.171742 2 4
1715374550 0.000090 0.000095 0.019573 0.019758 2 4
1715374551 0.000103 0.000095 0.004235 0.004433 20 4
1715374552 0.000090 0.000091 0.051432 0.051613 22 4
1715374553 0.000090 0.000091 3.691518 3.691699 0 4
1715374554 0.000113 0.000101 0.001663 0.001877 39 4
1715374555 0.000086 0.000087 0.180388 0.180561 8 4
1715374556 0.000094 0.000092 0.026525 0.026711 23 4
1715374557 0.000087 0.000092 0.222487 0.222666 6 4
1715374558 0.000109 0.000089 0.052363 0.052561 3 4
1715374559 0.000089 0.000091 0.138384 0.138564 21 4
1715374560 0.000103 0.000095 0.033263 0.033461 27 4
1715374561 0.000096 0.000092 0.022692 0.022880 5 4
1715374562 0.000099 0.000087 1.375790 1.375976 3 4
1715374563 0.000095 0.000094 0.027001 0.027190 24 4
1715374564 0.000092 0.000094 0.129004 0.129190 12 4
1715374565 0.000087 0.000091 0.708585 0.708763 0 4
1715374566 0.000098 0.000093 0.053865 0.054056 10 4
1715374567 0.000091 0.000091 0.423034 0.423216 14 4
1715374568 0.000106 0.000096 0.010352 0.010554 40 4
1715374569 0.000085 0.000088 1.134244 1.134417 4 4
1715374570 0.000104 0.000098 0.025995 0.026197 24 4
1715374571 0.000101 0.000097 0.004394 0.004592 27 4
1715374572 0.000086 0.000090 0.077895 0.078071 12 4
1715374573 0.000080 0.000091 0.073572 0.073743 3 4
1715374574 0.000084 0.000088 0.385677 0.385849 19 4
1715374575 0.000099 0.000094 0.003174 0.003367 25 4
1715374576 0.000100 0.000094 0.010446 0.010640 20 4
1715374577 0.000098 0.000092 0.007802 0.007992 17 4
1715374578 0.000085 0.000088 2.957162 2.957335 6 4
1715374579 0.000091 0.000094 0.047790 0.047975 5 4
1715374580 0.000096 0.000094 0.022972 0.023162 8 4
1715374581 0.000094 0.000099 0.131271 0.131464 30 4
1715374582 0.000109 0.000099 0.003416 0.003624 33 4
1715374583 0.000095 0.000092 27.376614 27.376801 4 4
1715374584 0.000100 0.000100 0.008563 0.008763 10 4
1715374585 0.000106 0.000094 0.007431 0.007631 8 4
1715374586 0.000094 0.000090 0.176859 0.177043 13 4
1715374587 0.000093 0.000094 0.068294 0.068481 11 4
1715374588 0.000095 0.000097 0.003939 0.004131 25 4
1715374589 0.000102 0.000091 0.013626 0.013819 11 4
1715374590 0.000090 0.000092 0.035082 0.035264 25 4
1715374591 0.000087 0.000089 0.014980 0.015156 3 4
1715374592 0.000106 0.000090 0.161576 0.161772 8 4
1715374593 0.000094 0.000092 0.156939 0.157125 7 4
1715374594 0.000096 0.000096 0.005182 0.005374 22 4
1715374595 0.000097 0.000094 0.023634 0.023825 31 4
1715374596 0.000077 0.000086 1.109353 1.109516 4 4
1715374597 0.000107 0.000097 0.052895 0.053099 18 4
1715374598 0.000091 0.000094 0.313120 0.313305 16 4
1715374599 0.000088 0.000092 0.102369 0.102549 6 4
1715374600 0.000099 0.000095 0.108480 0.108674 1 4
1715374601 0.000095 0.000093 0.078999 0.079187 0 4
1715374602 0.000116 0.000096 0.077881 0.078093 27 4
1715374603 0.000092 0.000095 0.615025 0.615212 17 4
1715374604 0.000090 0.000094 0.068115 0.068299 6 4
1715374605 0.000102 0.000096 0.009937 0.010135 16 4
1715374606 0.000092 0.000091 0.048578 0.048761 15 4
1715374607 0.000091 0.000090 0.111211 0.111392 1 4
1715374608 0.000097 0.000095 0.032508 0.032700 9 4
1715374609 0.000100 0.000096 0.001731 0.001927 28 4
1715374610 0.000083 0.000086 1.516518 1.516687 5 4
1715374611 0.000092 0.000091 0.480664 0.480847 2 4
1715374612 0.000086 0.000090 0.404070 0.404246 0 4
1715374613 0.000097 0.000094 0.311400 0.311591 21 4
1715374614 0.000100 0.000092 0.008969 0.009161 9 4
1715374615 0.000096 0.000091 0.009221 0.009408 26 4
1715374616 0.000097 0.000091 0.005250 0.005438 10 4
1715374617 0.000091 0.000090 1.199914 1.200095 5 4
1715374618 0.000104 0.000096 0.055245 0.055445 8 4
1715374619 0.000091 0.000095 0.255151 0.255337 1 4
1715374620 0.000099 0.000095 0.066378 0.066572 18 4
1715374621 0.000098 0.000099 0.002588 0.002785 37 4
1715374622 0.000091 0.000089 0.022684 0.022864 6 4
1715374623 0.000091 0.000090 0.018686 0.018867 31 4
1715374624 0.000101 0.000096 0.002838 0.003035 43 4
1715374625 0.000100 0.000092 0.005765 0.005957 40 4
1715374626 0.000096 0.000091 0.002284 0.002471 26 4
1715374627 0.000087 0.000088 0.462217 0.462392 11 4
1715374628 0.000094 0.000096 0.006443 0.006633 29 4
1715374629 0.000085 0.000089 2.527508 2.527682 7 4
1715374630 0.000096 0.000097 0.057115 0.057308 17 4
1715374631 0.000099 0.000094 0.012369 0.012562 15 4
1715374632 0.000081 0.000086 0.099449 0.099616 5 4
1715374633 0.000094 0.000093 0.934752 0.934939 1 4
1715374634 0.000094 0.000094 20.783345 20.783533 2 4
1715374635 0.000108 0.000100 0.006608 0.006816 12 4
1715374636 0.000095 0.000092 0.026470 0.026657 7 4
1715374637 0.000089 0.000089 0.006328 0.006506 4 4
1715374638 0.000086 0.000089 1.072975 1.073150 0 4
1715374639 0.000092 0.000093 0.229054 0.229239 15 4
1715374640 0.000099 0.000097 0.187050 0.187246 20 4
1715374641 0.000105 0.000097 0.006312 0.006514 11 4
1715374642 0.000100 0.000085 32.629558 32.629743 0 4
1715374643 0.000104 0.000098 0.004836 0.005038 27 4
1715374644 0.000094 0.000090 0.030575 0.030759 6 4
1715374645 0.000092 0.000091 0.010204 0.010387 23 4
1715374646 0.000096 0.000094 0.004146 0.004336 29 4
1715374647 0.000089 0.000089 0.363927 0.364105 6 4
1715374648 0.000093 0.000094 0.166173 0.166360 13 4
1715374649 0.000111 0.000104 0.001611 0.001826 60 4
1715374650 0.000082 0.000088 12.885222 12.885392 1 4
1715374651 0.000106 0.000098 0.003874 0.004078 21 4
1715374652 0.000091 0.000090 0.106581 0.106762 22 4
1715374653 0.000089 0.000090 0.142143 0.142322 12 4
1715374654 0.000091 0.000093 0.045901 0.046085 4 4
1715374655 0.000098 0.000093 0.015004 0.015195 15 4
1715374656 0.000091 0.000090 0.002535 0.002716 32 4
1715374657 0.000092 0.000090 0.002793 0.002975 29 4
1715374658 0.000080 0.000087 0.259902 0.260069 4 4
1715374659 0.000095 0.000092 0.102924 0.103111 18 4
1715374660 0.000099 0.000096 0.275703 0.275898 17 4
1715374661 0.000094 0.000090 0.005710 0.005894 17 4
1715374662 0.000097 0.000094 0.059642 0.059833 24 4
1715374663 0.000098 0.000092 0.004846 0.005036 11 4
1715374664 0.000099 0.000093 0.022062 0.022254 11 4
1715374665 0.000090 0.000090 0.054563 0.054743 0 4
1715374666 0.000105 0.000097 0.031754 0.031956 13 4
1715374667 0.000096 0.000093 0.705926 0.706115 23 4
1715374668 0.000100 0.000097 0.064461 0.064658 6 4
1715374669 0.000095 0.000094 0.065766 0.065955 6 4
1715374670 0.000098 0.000095 0.265473 0.265666 17 4
1715374671 0.000102 0.000095 0.004075 0.004272 8 4
1715374672 0.000087 0.000090 0.025456 0.025633 19 4
1715374673 0.000088 0.000089 1.264350 1.264527 1 4
1715374674 0.000100 0.000097 0.086548 0.086745 18 4
1715374675 0.000099 0.000095 0.003262 0.003456 19 4
1715374676 0.000091 0.000090 10.290930 10.291111 4 4
1715374677 0.000102 0.000103 0.011597 0.011802 36 4
1715374678 0.000088 0.000091 0.104224 0.104403 3 4
1715374679 0.000095 0.000091 0.129897 0.130083 1 4
1715374680 0.000092 0.000091 0.035834 0.036017 1 4
1715374681 0.000105 0.000114 0.002929 0.003148 23 4
1715374682 0.000103 0.000098 0.088646 0.088847 15 4
1715374683 0.000101 0.000096 0.021075 0.021272 21 4
1715374684 0.000094 0.000090 0.087869 0.088053 6 4
1715374685 0.000096 0.000093 0.022884 0.023073 5 4
1715374686 0.000084 0.000086 0.014123 0.014293 9 4
1715374687 0.000083 0.000086 0.001734 0.001903 17 4
1715374688 0.000098 0.000091 0.006096 0.006285 12 4
1715374689 0.000078 0.000084 0.339313 0.339475 14 4
1715374690 0.000103 0.000097 0.058207 0.058407 17 4
1715374691 0.000083 0.000091 0.887229 0.887403 8 4
1715374692 0.000102 0.000097 0.079005 0.079204 17 4
1715374693 0.000085 0.000091 5.603580 5.603756 11 4
1715374694 0.000104 0.000096 0.037458 0.037658 26 4
1715374695 0.000088 0.000090 0.294580 0.294758 4 4
1715374696 0.000090 0.000094 0.650996 0.651180 7 4
1715374697 0.000086 0.000091 0.333106 0.333283 3 4
1715374698 0.000101 0.000097 0.185559 0.185757 13 4
1715374699 0.000100 0.000096 0.031710 0.031906 18 4
1715374700 0.000097 0.000092 0.151202 0.151391 25 4
1715374701 0.000095 0.000092 0.026794 0.026981 5 4
1715374702 0.000099 0.000093 0.026461 0.026653 27 4
1715374703 0.000090 0.000089 0.005587 0.005766 10 4
1715374704 0.000099 0.000094 0.015442 0.015635 23 4
1715374705 0.000101 0.000091 0.022267 0.022459 9 4
1715374706 0.000089 0.000089 0.069449 0.069627 23 4
1715374707 0.000113 0.000101 0.018843 0.019057 11 4
1715374708 0.000088 0.000087 0.009392 0.009567 4 4
1715374709 0.000087 0.000088 1.093284 1.093459 10 4
1715374710 0.000091 0.000092 0.122392 0.122575 0 4
1715374711 0.000098 0.000093 0.104108 0.104299 7 4
1715374712 0.000098 0.000093 0.020070 0.020261 18 4
1715374713 0.000102 0.000093 0.083029 0.083224 8 4
1715374714 0.000102 0.000096 0.025428 0.025626 14 4
1715374715 0.000095 0.000091 0.022165 0.022351 20 4
1715374716 0.000097 0.000091 0.067919 0.068107 4 4
1715374717 0.000101 0.000095 0.001886 0.002082 27 4
1715374718 0.000109 0.000098 0.017500 0.017707 33 4
1715374719 0.000095 0.000091 0.007358 0.007544 22 4
1715374720 0.000092 0.000090 0.151005 0.151187 16 4
1715374721 0.000101 0.000095 0.002328 0.002524 20 4
1715374722 0.000091 0.000089 0.010766 0.010946 9 4
1715374723 0.000087 0.000088 0.829083 0.829258 2 4
1715374724 0.000100 0.000096 0.029341 0.029537 6 4
1715374725 0.000090 0.000090 0.023414 0.023594 4 4
1715374726 0.000098 0.000094 0.005163 0.005355 20 4
1715374727 0.000093 0.000090 0.021766 0.021949 8 4
1715374728 0.000091 0.000091 2.017452 2.017634 2 4
1715374729 0.000101 0.000098 0.036956 0.037155 16 4
1715374730 0.000092 0.000089 0.949595 0.949776 12 4
1715374731 0.000102 0.000093 0.148492 0.148687 7 4
1715374732 0.000106 0.000097 0.011742 0.011945 20 4
1715374733 0.000093 0.000093 0.022171 0.022357 19 4
1715374734 0.000091 0.000092 0.013106 0.013289 17 4
1715374735 0.000086 0.000087 0.234645 0.234818 2 4
1715374736 0.000095 0.000094 1.836916 1.837105 7 4
1715374737 0.000093 0.000093 0.028455 0.028641 6 4
1715374738 0.000099 0.000095 0.052432 0.052626 37 4
1715374739 0.000082 0.000091 0.002998 0.003171 9 4
1715374740 0.000083 0.000088 0.179314 0.179485 16 4
1715374741 0.000101 0.000094 0.010107 0.010302 14 4
1715374742 0.000087 0.000090 0.012942 0.013119 10 4
1715374743 0.000090 0.000088 0.227687 0.227865 1 4
1715374744 0.000100 0.000096 0.066305 0.066501 10 4
1715374745 0.000099 0.000094 0.005644 0.005837 26 4
1715374746 0.000090 0.000087 0.009180 0.009357 8 4
1715374747 0.000099 0.000093 0.005942 0.006134 20 4
1715374748 0.000084 0.000089 4.414531 4.414704 2 4
1715374749 0.000105 0.000097 0.029169 0.029371 12 4
1715374750 0.000095 0.000092 0.043169 0.043356 12 4
1715374751 0.000101 0.000094 0.042422 0.042617 14 4
1715374752 0.000102 0.000095 0.017152 0.017349 27 4
1715374753 0.000098 0.000090 0.010616 0.010804 12 4
1715374754 0.000097 0.000092 0.010991 0.011180 27 4
1715374755 0.000086 0.000090 0.811318 0.811494 9 4
1715374756 0.000090 0.000094 0.081752 0.081936 9 4
1715374757 0.000090 0.000090 1.435603 1.435783 3 4
1715374758 0.000096 0.000095 0.221753 0.221944 20 4
1715374759 0.000094 0.000096 0.026798 0.026988 18 4
1715374760 0.000105 0.000096 0.023356 0.023557 19 4
1715374761 0.000089 0.000088 0.313243 0.313420 11 4
1715374762 0.000100 0.000097 0.006047 0.006244 31 4
1715374763 0.000091 0.000090 0.011725 0.011906 20 4
1715374764 0.000092 0.000091 0.384926 0.385109 3 4
1715374765 0.000095 0.000094 0.001846 0.002035 19 4
1715374766 0.000111 0.000097 0.053652 0.053860 24 4
1715374767 0.000103 0.000095 0.068528 0.068726 7 4
1715374768 0.000096 0.000092 0.248518 0.248706 0 4
1715374769 0.000090 0.000092 0.253811 0.253993 7 4
1715374770 0.000101 0.000095 0.091151 0.091347 35 4
1715374771 0.000095 0.000095 0.057322 0.057512 13 4
1715374772 0.000097 0.000093 2.172021 2.172211 17 4
1715374773 0.000100 0.000093 0.032882 0.033075 6 4
1715374774 0.000098 0.000095 0.024770 0.024963 12 4
1715374775 0.000090 0.000090 8.826930 8.827110 4 4
1715374776 0.000108 0.000096 0.053509 0.053713 15 4
1715374777 0.000093 0.000094 0.017342 0.017529 39 4
1715374778 0.000086 0.000088 0.099953 0.100127 14 4
1715374779 0.000122 0.000096 0.097745 0.097963 19 4
1715374780 0.000103 0.000098 0.003353 0.003554 42 4
1715374781 0.000124 0.000103 0.001365 0.001592 53 4
1715374782 0.000082 0.000086 0.025114 0.025282 4 4
1715374783 0.000096 0.000090 0.087174 0.087360 10 4
1715374784 0.000090 0.000090 0.026106 0.026286 15 4
1715374785 0.000081 0.000085 0.017235 0.017401 1 4
1715374786 0.000096 0.000091 0.121415 0.121602 16 4
1715374787 0.000094 0.000093 0.033166 0.033353 5 4
1715374788 0.000099 0.000095 0.036382 0.036576 11 4
1715374789 0.000098 0.000092 0.035580 0.035770 11 4
1715374790 0.000101 0.000092 0.001951 0.002144 32 4
1715374791 0.000093 0.000089 0.036390 0.036572 14 4
1715374792 0.000103 0.000095 0.021463 0.021661 15 4
1715374793 0.000106 0.000095 0.009986 0.010187 16 4
1715374794 0.000100 0.000090 0.042894 0.043084 19 4
1715374795 0.000097 0.000091 0.005144 0.005332 22 4
1715374796 0.000096 0.000090 0.035212 0.035398 4 4
1715374797 0.000092 0.000089 1.333293 1.333474 7 4
1715374798 0.000087 0.000092 0.513609 0.513788 12 4
1715374799 0.000095 0.000092 0.181728 0.181915 5 4
1715374800 0.000098 0.000095 0.012889 0.013082 16 4
1715374801 0.000105 0.000092 0.002270 0.002467 31 4
1715374802 0.000094 0.000092 0.251322 0.251508 21 4
1715374803 0.000088 0.000092 0.160554 0.160734 5 4
1715374804 0.000093 0.000092 0.162582 0.162767 13 4
1715374805 0.000102 0.000095 0.057376 0.057573 9 4
1715374806 0.000108 0.000100 0.003289 0.003497 29 4
1715374807 0.000106 0.000094 0.007646 0.007846 23 4
1715374808 0.000085 0.000087 3.754209 3.754381 6 4
1715374809 0.000097 0.000096 0.682121 0.682314 5 4
1715374810 0.000100 0.000095 0.077082 0.077277 9 4
1715374811 0.000089 0.000089 0.125810 0.125988 2 4
1715374812 0.000100 0.000095 2.526456 2.526651 0 4
1715374813 0.000108 0.000100 0.002396 0.002604 42 4
1715374814 0.000098 0.000092 0.002663 0.002853 24 4
1715374815 0.000092 0.000091 0.038877 0.039060 5 4
1715374816 0.000103 0.000092 0.004974 0.005169 12 4
1715374817 0.000078 0.000084 0.008687 0.008849 4 4
1715374818 0.000086 0.000090 0.163307 0.163483 24 4
1715374819 0.000099 0.000095 0.122185 0.122379 4 4
1715374820 0.000103 0.000097 0.002431 0.002631 27 4
1715374821 0.000096 0.000090 0.398887 0.399073 6 4
1715374822 0.000105 0.000096 0.121577 0.121778 17 4
1715374823 0.000095 0.000092 9.082285 9.082472 6 4
1715374824 0.000105 0.000100 0.081803 0.082008 8 4
1715374825 0.000095 0.000094 0.996566 0.996755 6 4
1715374826 0.000099 0.000096 0.123742 0.123937 12 4
1715374827 0.000095 0.000091 0.012780 0.012966 12 4
1715374828 0.000098 0.000093 0.005494 0.005685 14 4
1715374829 0.000078 0.000086 3.091217 3.091381 12 4
1715374830 0.000104 0.000100 0.004021 0.004225 33 4
1715374831 0.000101 0.000096 0.020214 0.020411 25 4
1715374832 0.000097 0.000094 0.037796 0.037987 6 4
1715374833 0.000089 0.000091 0.040183 0.040363 2 4
1715374834 0.000094 0.000092 0.861023 0.861209 13 4
1715374835 0.000120 0.000103 0.009020 0.009243 17 4
1715374836 0.000115 0.000100 0.008993 0.009208 13 4
1715374837 0.000112 0.000101 0.011100 0.011313 32 4
1715374838 0.000110 0.000099 0.080086 0.080295 15 4
1715374839 0.000108 0.000102 0.267704 0.267914 11 4
1715374840 0.000100 0.000096 0.013491 0.013687 11 4
1715374841 0.000102 0.000093 0.183507 0.183702 9 4
1715374842 0.000103 0.000096 0.017299 0.017498 18 4
1715374843 0.000102 0.000093 0.075736 0.075931 10 4
1715374844 0.000093 0.000093 0.019184 0.019370 16 4
1715374845 0.000105 0.000095 0.003095 0.003295 30 4
1715374846 0.000091 0.000093 0.108331 0.108515 28 4
1715374847 0.000094 0.000092 0.005125 0.005311 21 4
1715374848 0.000087 0.000088 0.038731 0.038906 1 4
1715374849 0.000089 0.000090 0.067612 0.067791 24 4
1715374850 0.000097 0.000093 0.127931 0.128121 5 4
1715374851 0.000104 0.000097 0.240701 0.240902 12 4
1715374852 0.000101 0.000095 0.157511 0.157707 6 4
1715374853 0.000106 0.000095 0.002975 0.003176 24 4
1715374854 0.000101 0.000094 0.005084 0.005279 33 4
1715374855 0.000096 0.000095 0.011568 0.011759 22 4
1715374856 0.000087 0.000089 0.371276 0.371452 6 4
1715374857 0.000102 0.000097 1.290622 1.290821 15 4
1715374858 0.000104 0.000092 0.049903 0.050099 9 4
1715374859 0.000087 0.000090 0.007751 0.007928 6 4
1715374860 0.000099 0.000095 0.151175 0.151369 19 4
1715374861 0.000101 0.000096 0.019267 0.019464 15 4
1715374862 0.000085 0.000090 0.309759 0.309934 13 4
1715374863 0.000094 0.000092 0.046279 0.046465 11 4
1715374864 0.000094 0.000091 0.109608 0.109793 1 4
1715374865 0.000104 0.000098 0.573903 0.574105 26 4
1715374866 0.000106 0.000095 0.002872 0.003073 15 4
1715374867 0.000097 0.000091 0.034985 0.035173 17 4
1715374868 0.000093 0.000090 0.259367 0.259550 13 4
1715374869 0.000092 0.000090 94.589362 94.589544 1 4
1715374870 0.000102 0.000099 0.026608 0.026809 15 4
1715374871 0.000097 0.000092 0.021575 0.021764 9 4
1715374872 0.000094 0.000095 0.021011 0.021200 20 4
1715374873 0.000090 0.000089 0.012935 0.013114 17 4
1715374874 0.000095 0.000094 0.054307 0.054496 28 4
1715374875 0.000099 0.000091 0.016998 0.017188 15 4
1715374876 0.000101 0.000092 0.012596 0.012789 36 4
1715374877 0.000095 0.000091 0.144022 0.144208 5 4
1715374878 0.000102 0.000094 0.012532 0.012728 20 4
1715374879 0.000101 0.000094 0.115014 0.115209 20 4
1715374880 0.000098 0.000096 0.368927 0.369121 10 4
1715374881 0.000104 0.000093 0.113611 0.113808 5 4
1715374882 0.000096 0.000095 0.047730 0.047921 12 4
1715374883 0.000094 0.000094 0.050824 0.051012 30 4
1715374884 0.000085 0.000089 0.091808 0.091982 12 4
1715374885 0.000107 0.000094 0.016019 0.016220 24 4
1715374886 0.000079 0.000085 0.007646 0.007810 1 4
1715374887 0.000088 0.000089 0.025793 0.025970 19 4
1715374888 0.000091 0.000087 0.006047 0.006225 12 4
1715374889 0.000104 0.000096 0.000626 0.000826 64 4
1715374890 0.000098 0.000095 0.008833 0.009026 43 4
1715374891 0.000088 0.000090 1.189439 1.189617 16 4
1715374892 0.000088 0.000089 1.769095 1.769272 0 4
1715374893 0.000103 0.000095 0.002407 0.002605 20 4
1715374894 0.000080 0.000087 0.325032 0.325199 12 4
1715374895 0.000105 0.000096 0.007881 0.008082 21 4
1715374896 0.000093 0.000091 0.054026 0.054210 3 4
1715374897 0.000099 0.000094 0.015766 0.015959 5 4
1715374898 0.000092 0.000089 0.047091 0.047272 11 4
1715374899 0.000093 0.000089 0.018815 0.018997 21 4
1715374900 0.000096 0.000088 0.080338 0.080522 16 4
1715374901 0.000090 0.000091 2.415149 2.415330 18 4
1715374902 0.000106 0.000102 0.070625 0.070833 17 4
1715374903 0.000099 0.000092 0.051542 0.051733 16 4
1715374904 0.000091 0.000091 0.284487 0.284669 4 4
1715374905 0.000098 0.000093 0.062908 0.063099 4 4
1715374906 0.000099 0.000093 0.086644 0.086836 10 4
1715374907 0.000101 0.000097 0.092188 0.092386 11 4
1715374908 0.000101 0.000095 0.076235 0.076431 10 4
1715374909 0.000096 0.000092 0.385296 0.385484 9 4
1715374910 0.000096 0.000092 0.015038 0.015226 11 4
1715374911 0.000101 0.000092 0.129981 0.130174 0 4
1715374912 0.000102 0.000092 0.043216 0.043410 6 4
1715374913 0.000107 0.000095 0.004949 0.005151 25 4
1715374914 0.000097 0.000091 0.329334 0.329522 0 4
1715374915 0.000083 0.000089 0.222661 0.222833 2 4
1715374916 0.000098 0.000094 0.233826 0.234018 2 4
1715374917 0.000090 0.000091 0.795268 0.795449 1 4
1715374918 0.000102 0.000097 0.003086 0.003285 25 4
1715374919 0.000094 0.000093 0.196345 0.196532 24 4
1715374920 0.000095 0.000095 0.033288 0.033478 18 4
1715374921 0.000091 0.000088 0.108422 0.108601 1 4
1715374922 0.000097 0.000090 0.013920 0.014107 12 4
1715374923 0.000089 0.000090 0.135090 0.135269 16 4
1715374924 0.000102 0.000095 0.997064 0.997261 8 4
1715374925 0.000092 0.000092 0.349467 0.349651 2 4
1715374926 0.000105 0.000095 0.007709 0.007909 12 4
1715374927 0.000094 0.000091 0.239782 0.239967 12 4
1715374928 0.000108 0.000096 0.007531 0.007735 12 4
1715374929 0.000101 0.000093 0.015486 0.015680 24 4
1715374930 0.000094 0.000090 0.060525 0.060709 27 4
1715374931 0.000102 0.000097 0.017304 0.017503 15 4
1715374932 0.000102 0.000095 0.104237 0.104434 12 4
1715374933 0.000104 0.000094 0.040765 0.040963 19 4
1715374934 0.000102 0.000102 0.004735 0.004939 43 4
1715374935 0.000093 0.000088 0.007232 0.007413 22 4
1715374936 0.000090 0.000091 0.013420 0.013601 20 4
1715374937 0.000086 0.000085 0.476330 0.476501 2 4
1715374938 0.000092 0.000091 0.258650 0.258833 4 4
1715374939 0.000105 0.000093 0.070831 0.071029 27 4
1715374940 0.000097 0.000095 0.040812 0.041004 22 4
1715374941 0.000092 0.000090 0.048582 0.048764 0 4
1715374942 0.000085 0.000089 0.325901 0.326075 16 4
1715374943 0.000098 0.000093 0.019893 0.020084 10 4
1715374944 0.000102 0.000098 0.010163 0.010363 28 4
1715374945 0.000089 0.000088 2.074536 2.074713 5 4
1715374946 0.000099 0.000096 0.009437 0.009632 29 4
1715374947 0.000104 0.000091 0.006248 0.006443 14 4
1715374948 0.000088 0.000086 1.661653 1.661827 3 4
1715374949 0.000094 0.000093 0.033983 0.034170 6 4
1715374950 0.000103 0.000096 0.022451 0.022650 5 4
1715374951 0.000088 0.000088 3.170335 3.170511 16 4
1715374952 0.000099 0.000093 0.019120 0.019312 12 4
1715374953 0.000094 0.000091 2.958408 2.958593 11 4
1715374954 0.000082 0.000090 0.010369 0.010541 0 4
1715374955 0.000091 0.000091 0.563831 0.564013 9 4
1715374956 0.000103 0.000096 0.152055 0.152254 5 4
1715374957 0.000100 0.000097 0.101702 0.101899 11 4
1715374958 0.000100 0.000094 0.018834 0.019028 8 4
1715374959 0.000092 0.000090 0.094716 0.094898 16 4
1715374960 0.000094 0.000092 3.997940 3.998126 6 4
1715374961 0.000100 0.000095 0.154378 0.154573 15 4
1715374962 0.000095 0.000093 0.471310 0.471498 16 4
1715374963 0.000100 0.000094 0.098946 0.099140 0 4
1715374964 0.000108 0.000098 0.002106 0.002312 50 4
1715374965 0.000103 0.000091 0.016069 0.016263 13 4
1715374966 0.000084 0.000089 0.217912 0.218085 9 4
1715374967 0.000098 0.000093 0.042148 0.042339 11 4
1715374968 0.000096 0.000091 0.017112 0.017299 15 4
1715374969 0.000094 0.000088 0.041087 0.041269 15 4
1715374970 0.000095 0.000093 0.014948 0.015136 18 4
1715374971 0.000095 0.000091 0.182404 0.182590 5 4
1715374972 0.000107 0.000098 0.463488 0.463693 10 4
1715374973 0.000085 0.000092 0.328745 0.328922 4 4
1715374974 0.000093 0.000092 0.138068 0.138253 22 4
1715374975 0.000105 0.000096 0.016854 0.017055 31 4
1715374976 0.000094 0.000089 0.205802 0.205985 7 4
1715374977 0.000096 0.000093 0.010255 0.010444 17 4
1715374978 0.000088 0.000088 0.040474 0.040650 13 4
1715374979 0.000096 0.000091 2.652184 2.652371 2 4
1715374980 0.000100 0.000094 0.024682 0.024876 7 4
1715374981 0.000086 0.000089 0.010391 0.010566 15 4
1715374982 0.000095 0.000092 0.194333 0.194520 9 4
1715374983 0.000101 0.000094 0.084858 0.085053 8 4
1715374984 0.000087 0.000090 2.770583 2.770760 4 4
1715374985 0.000106 0.000098 0.005072 0.005276 41 4
1715374986 0.000091 0.000088 0.002814 0.002993 4 4
1715374987 0.000100 0.000093 0.015173 0.015366 16 4
1715374988 0.000095 0.000090 0.254197 0.254382 12 4
1715374989 0.000098 0.000093 0.762299 0.762490 18 4
1715374990 0.000098 0.000094 1.521506 1.521698 10 4
1715374991 0.000102 0.000096 0.246051 0.246249 6 4
1715374992 0.000103 0.000096 0.103546 0.103745 13 4
1715374993 0.000095 0.000095 0.058236 0.058426 12 4
1715374994 0.000094 0.000089 0.118952 0.119135 13 4
1715374995 0.000089 0.000090 0.359476 0.359655 6 4
1715374996 0.000099 0.000093 0.013222 0.013414 15 4
1715374997 0.000095 0.000091 0.256449 0.256635 13 4
1715374998 0.000095 0.000094 0.019835 0.020024 5 4
1715374999 0.000094 0.000091 0.108811 0.108996 1 4
1715375000 0.000105 0.000098 0.065267 0.065470 7 4
1715375001 0.000099 0.000092 0.008167 0.008358 11 4
1715375002 0.000102 0.000091 0.030146 0.030339 15 4
1715375003 0.000098 0.000094 0.041043 0.041235 33 4
1715375004 0.000097 0.000093 0.439686 0.439876 7 4
1715375005 0.000097 0.000094 4.637893 4.638084 1 4
1715375006 0.000102 0.000095 0.155148 0.155345 6 4
1715375007 0.000089 0.000091 0.098419 0.098599 14 4
1715375008 0.000106 0.000094 0.362130 0.362330 2 4
1715375009 0.000098 0.000098 0.080827 0.081023 13 4
1715375010 0.000097 0.000092 0.023502 0.023691 7 4
1715375011 0.000094 0.000088 0.151178 0.151360 7 4
1715375012 0.000105 0.000096 0.095509 0.095710 10 4
1715375013 0.000106 0.000096 0.549169 0.549371 18 4
1715375014 0.000094 0.000092 0.051783 0.051969 2 4
1715375015 0.000108 0.000097 0.058136 0.058341 30 4
1715375016 0.000101 0.000095 0.944618 0.944814 11 4
1715375017 0.000094 0.000091 2.296533 2.296718 12 4
1715375018 0.000113 0.000102 0.002610 0.002825 31 4
1715375019 0.000091 0.000088 0.151223 0.151402 7 4
1715375020 0.000090 0.000091 1.121405 1.121586 12 4
1715375021 0.000101 0.000092 0.159126 0.159319 20 4
1715375022 0.000093 0.000092 0.015463 0.015648 16 4
1715375023 0.000099 0.000091 0.052617 0.052807 2 4
1715375024 0.000095 0.000091 0.936759 0.936945 4 4
1715375025 0.000077 0.000088 1.407616 1.407781 2 4
1715375026 0.000106 0.000096 0.096454 0.096656 9 4
1715375027 0.000094 0.000092 0.055221 0.055407 7 4
1715375028 0.000096 0.000094 0.182061 0.182251 9 4
1715375029 0.000095 0.000091 0.312665 0.312851 3 4
1715375030 0.000108 0.000097 0.003496 0.003701 30 4
1715375031 0.000088 0.000087 0.014799 0.014974 20 4
1715375032 0.000092 0.000089 0.703677 0.703858 0 4
1715375033 0.000096 0.000092 0.110503 0.110691 16 4
1715375034 0.000114 0.000098 0.005140 0.005352 26 4
1715375035 0.000106 0.000094 0.001607 0.001807 41 4
1715375036 0.000093 0.000091 2.774296 2.774480 7 4
1715375037 0.000105 0.000094 0.014507 0.014706 24 4
1715375038 0.000109 0.000093 0.008204 0.008406 17 4
1715375039 0.000098 0.000092 0.014894 0.015084 8 4
1715375040 0.000098 0.000092 0.010946 0.011136 17 4
1715375041 0.000095 0.000095 0.002767 0.002957 26 4
1715375042 0.000084 0.000088 0.085302 0.085474 9 4
1715375043 0.000100 0.000095 0.013612 0.013807 10 4
1715375044 0.000105 0.000092 0.001505 0.001702 28 4
1715375045 0.000096 0.000090 0.205603 0.205789 6 4
1715375046 0.000095 0.000092 0.010088 0.010275 3 4
1715375047 0.000099 0.000093 0.110617 0.110809 13 4
1715375048 0.000105 0.000095 0.127185 0.127385 7 4
1715375049 0.000086 0.000089 15.144021 15.144196 5 4
1715375050 0.000100 0.000096 0.094685 0.094881 7 4
1715375051 0.000112 0.000102 0.005011 0.005225 41 4
1715375052 0.000103 0.000094 0.002119 0.002316 38 4
1715375053 0.000086 0.000087 0.032140 0.032313 6 4
1715375054 0.000097 0.000094 0.057594 0.057785 13 4
1715375055 0.000097 0.000094 0.259531 0.259722 7 4
1715375056 0.000099 0.000092 0.041597 0.041788 13 4
1715375057 0.000107 0.000094 0.009677 0.009878 3 4
1715375058 0.000106 0.000096 0.002031 0.002233 63 4
1715375059 0.000093 0.000091 0.342701 0.342885 10 4
1715375060 0.000093 0.000093 0.050231 0.050417 11 4
