1715366950 0.000086 0.000215 0.001024 0.001325 72 4
1715366951 0.000061 0.000106 0.004790 0.004957 54 4
1715366952 0.000056 0.000125 0.001923 0.002104 81 4
1715366953 0.000044 0.000076 0.000734 0.000854 72 4
1715366954 0.000050 0.000069 0.001297 0.001416 63 4
1715366955 0.000038 0.000062 0.000732 0.000832 72 4
1715366956 0.000046 0.000071 0.008671 0.008788 34 4
1715366957 0.000061 0.000078 0.367311 0.367450 45 4
1715366958 0.000055 0.000076 0.000934 0.001065 56 4
1715366959 0.000093 0.000073 0.021075 0.021241 54 4
1715366960 0.000047 0.000075 0.003122 0.003244 54 4
1715366961 0.000053 0.000071 0.022681 0.022805 54 4
1715366962 0.000066 0.000077 0.467752 0.467895 44 4
1715366963 0.000053 0.000081 0.008699 0.008833 54 4
1715366964 0.000037 0.000080 0.001169 0.001286 72 4
1715366965 0.000033 0.000063 0.000561 0.000657 88 4
1715366966 0.000051 0.000067 0.000767 0.000885 64 4
1715366967 0.000048 0.000094 0.002046 0.002188 54 4
1715366968 0.000051 0.000069 0.001133 0.001253 54 4
1715366969 0.000056 0.000073 0.006588 0.006717 34 4
1715366970 0.000049 0.000079 0.001946 0.002074 45 4
1715366971 0.000050 0.000071 0.009097 0.009218 54 4
1715366972 0.000052 0.000073 0.003946 0.004071 64 4
1715366973 0.000039 0.000063 0.000737 0.000839 96 4
1715366974 0.000039 0.000065 0.000525 0.000629 102 4
1715366975 0.000044 0.000072 0.032042 0.032158 54 4
1715366976 0.000057 0.000074 0.000577 0.000708 96 4
1715366977 0.000042 0.000072 0.000627 0.000741 72 4
1715366978 0.000053 0.000077 0.002235 0.002365 45 4
1715366979 0.000043 0.000070 0.001085 0.001198 56 4
1715366980 0.000047 0.000070 0.001720 0.001837 54 4
1715366981 0.000043 0.000069 0.004714 0.004826 54 4
1715366982 0.000050 0.000085 0.001214 0.001349 34 4
1715366983 0.000042 0.000068 0.143999 0.144109 90 4
1715366984 0.000050 0.000079 0.001286 0.001415 54 4
1715366985 0.000044 0.000084 0.000781 0.000909 95 4
1715366986 0.000033 0.000075 0.000337 0.000445 102 4
1715366987 0.000051 0.000073 0.011015 0.011139 54 4
1715366988 0.000042 0.000073 0.001412 0.001527 34 4
1715366989 0.000044 0.000073 0.001150 0.001267 24 4
1715366990 0.000031 0.000063 0.000355 0.000449 104 4
1715366991 0.000048 0.000078 0.000590 0.000716 88 4
1715366992 0.000048 0.000084 0.000917 0.001049 72 4
1715366993 0.000054 0.000074 0.002165 0.002293 44 4
1715366994 0.000047 0.000076 0.001756 0.001879 34 4
1715366995 0.000050 0.000076 0.077619 0.077745 12 4
1715366996 0.000057 0.000075 0.003957 0.004089 45 4
1715366997 0.000041 0.000073 0.002877 0.002991 54 4
1715366998 0.000037 0.000062 0.010061 0.010160 81 4
1715366999 0.000043 0.000073 0.007298 0.007414 63 4
1715367000 0.000039 0.000070 0.009845 0.009954 88 4
1715367001 0.000047 0.000073 0.002155 0.002275 64 4
1715367002 0.000043 0.000067 0.000919 0.001029 102 4
1715367003 0.000050 0.000080 0.000707 0.000837 72 4
1715367004 0.000040 0.000065 0.000424 0.000529 96 4
1715367005 0.000040 0.000070 0.000653 0.000763 63 4
1715367006 0.000056 0.000082 0.002817 0.002955 54 4
1715367007 0.000045 0.000072 0.151472 0.151589 56 4
1715367008 0.000048 0.000073 0.003419 0.003540 44 4
1715367009 0.000040 0.000065 0.000705 0.000810 96 4
1715367010 0.000040 0.000064 0.001405 0.001509 72 4
1715367011 0.000042 0.000065 0.016717 0.016824 95 4
1715367012 0.000057 0.000075 0.001747 0.001879 34 4
1715367013 0.000042 0.000071 0.002108 0.002221 64 4
1715367014 0.000048 0.000076 0.010081 0.010205 34 4
1715367015 0.000055 0.000067 0.000846 0.000968 84 4
1715367016 0.000065 0.000075 0.001280 0.001420 54 4
1715367017 0.000067 0.000072 0.002185 0.002324 44 4
1715367018 0.000050 0.000084 0.006331 0.006465 23 4
1715367019 0.000046 0.000073 0.000988 0.001107 54 4
1715367020 0.000032 0.000066 0.000616 0.000714 95 4
1715367021 0.000036 0.000069 0.000657 0.000762 88 4
1715367022 0.000059 0.000085 0.001472 0.001616 63 4
1715367023 0.000046 0.000071 0.005482 0.005599 63 4
1715367024 0.000055 0.000087 0.001121 0.001263 45 4
1715367025 0.000045 0.000078 0.002665 0.002788 72 4
1715367026 0.000035 0.000062 0.000369 0.000466 108 4
1715367027 0.000045 0.000070 0.000900 0.001015 67 4
1715367028 0.000035 0.000069 0.000907 0.001011 90 4
1715367029 0.000044 0.000084 0.003694 0.003822 44 4
1715367030 0.000045 0.000074 0.001293 0.001412 24 4
1715367031 0.000054 0.000071 0.000756 0.000881 64 4
1715367032 0.000046 0.000071 0.002202 0.002319 34 4
1715367033 0.000042 0.000068 0.000979 0.001089 88 4
1715367034 0.000043 0.000083 0.001236 0.001362 48 4
1715367035 0.000039 0.000067 0.000863 0.000969 90 4
1715367036 0.000043 0.000068 0.000797 0.000908 72 4
1715367037 0.000043 0.000067 0.002127 0.002237 63 4
1715367038 0.000044 0.000072 0.001254 0.001370 64 4
1715367039 0.000045 0.000070 0.001195 0.001310 54 4
1715367040 0.000040 0.000066 0.000655 0.000761 80 4
1715367041 0.000052 0.000070 0.001102 0.001224 44 4
1715367042 0.000054 0.000069 0.010988 0.011111 54 4
1715367043 0.000043 0.000072 0.001352 0.001467 54 4
1715367044 0.000036 0.000063 0.000451 0.000550 102 4
1715367045 0.000057 0.000063 0.000566 0.000686 88 4
1715367046 0.000054 0.000068 0.000761 0.000883 74 4
1715367047 0.000035 0.000061 0.000829 0.000925 95 4
1715367048 0.000043 0.000071 0.001124 0.001238 54 4
1715367049 0.000037 0.000172 0.000512 0.000721 96 4
1715367050 0.000051 0.000099 0.409036 0.409186 56 4
1715367051 0.000057 0.000082 0.001382 0.001521 54 4
1715367052 0.000050 0.000093 0.000729 0.000872 81 4
1715367053 0.000052 0.000075 0.002473 0.002600 24 4
1715367054 0.000044 0.000080 0.005980 0.006104 54 4
1715367055 0.000038 0.000064 0.000626 0.000728 81 4
1715367056 0.000045 0.000072 0.001896 0.002013 24 4
1715367057 0.000054 0.000065 0.004946 0.005065 88 4
1715367058 0.000048 0.000072 0.001020 0.001140 63 4
1715367059 0.000050 0.000072 0.002908 0.003030 64 4
1715367060 0.000052 0.000070 0.001312 0.001434 80 4
1715367061 0.000031 0.000063 0.000203 0.000297 120 4
1715367062 0.000051 0.000079 0.001577 0.001707 23 4
1715367063 0.000041 0.000067 0.000853 0.000961 72 4
1715367064 0.000054 0.000085 0.001773 0.001912 56 4
1715367065 0.000035 0.000063 0.000744 0.000842 88 4
1715367066 0.000038 0.000063 0.000463 0.000564 95 4
1715367067 0.000041 0.000067 0.001528 0.001636 81 4
1715367068 0.000032 0.000060 0.000455 0.000547 102 4
1715367069 0.000036 0.000067 0.001853 0.001956 80 4
1715367070 0.000040 0.000068 0.000855 0.000963 64 4
1715367071 0.000038 0.000063 0.000974 0.001075 88 4
1715367072 0.000045 0.000077 0.001096 0.001218 34 4
1715367073 0.000035 0.000080 0.000714 0.000829 72 4
1715367074 0.000046 0.000061 0.000553 0.000660 88 4
1715367075 0.000050 0.000071 0.001961 0.002082 54 4
1715367076 0.000045 0.000073 0.000939 0.001057 54 4
1715367077 0.000055 0.000086 0.001600 0.001741 34 4
1715367078 0.000047 0.000072 0.005553 0.005672 80 4
1715367079 0.000046 0.000077 0.049550 0.049673 44 4
1715367080 0.000053 0.000083 0.019703 0.019839 24 4
1715367081 0.000046 0.000086 0.000953 0.001085 54 4
1715367082 0.000040 0.000067 0.000547 0.000654 81 4
1715367083 0.000038 0.000064 0.000716 0.000818 99 4
1715367084 0.000049 0.000087 0.001480 0.001616 23 4
1715367085 0.000050 0.000088 0.012055 0.012193 54 4
1715367086 0.000065 0.000071 0.007375 0.007511 64 4
1715367087 0.000054 0.000072 0.034382 0.034508 64 4
1715367088 0.000052 0.000083 0.005700 0.005835 12 4
1715367089 0.000042 0.000078 0.001399 0.001519 34 4
1715367090 0.000046 0.000072 0.000879 0.000997 64 4
1715367091 0.000042 0.000079 0.000712 0.000833 64 4
1715367092 0.000047 0.000073 0.005751 0.005871 72 4
1715367093 0.000044 0.000071 0.002711 0.002826 63 4
1715367094 0.000044 0.000067 0.000893 0.001004 72 4
1715367095 0.000046 0.000071 0.002342 0.002459 44 4
1715367096 0.000041 0.000068 0.000590 0.000699 81 4
1715367097 0.000049 0.000081 0.008422 0.008552 44 4
1715367098 0.000035 0.000062 0.000616 0.000713 81 4
1715367099 0.000050 0.000073 0.003823 0.003946 12 4
1715367100 0.000054 0.000069 0.000734 0.000857 72 4
1715367101 0.000039 0.000084 0.000805 0.000928 63 4
1715367102 0.000040 0.000080 0.002360 0.002480 63 4
1715367103 0.000057 0.000076 0.004542 0.004675 63 4
1715367104 0.000047 0.000072 0.001665 0.001784 34 4
1715367105 0.000050 0.000075 0.000926 0.001051 63 4
1715367106 0.000050 0.000077 0.001626 0.001753 34 4
1715367107 0.000041 0.000071 0.001508 0.001620 34 4
1715367108 0.000041 0.000077 0.001313 0.001431 72 4
1715367109 0.000048 0.000083 0.001756 0.001887 54 4
1715367110 0.000036 0.000078 0.000615 0.000729 84 4
1715367111 0.000043 0.000076 0.001289 0.001408 72 4
1715367112 0.000039 0.000073 0.006355 0.006467 72 4
1715367113 0.000043 0.000071 0.001414 0.001528 63 4
1715367114 0.000054 0.000068 0.001263 0.001385 64 4
1715367115 0.000055 0.000072 0.002827 0.002954 56 4
1715367116 0.000035 0.000064 0.000440 0.000539 102 4
1715367117 0.000044 0.000072 0.000638 0.000754 67 4
1715367118 0.000044 0.000072 0.002420 0.002536 44 4
1715367119 0.000042 0.000073 0.001115 0.001230 34 4
1715367120 0.000055 0.000081 0.008507 0.008643 36 4
1715367121 0.000055 0.000075 0.001749 0.001879 54 4
1715367122 0.000058 0.000074 0.001268 0.001400 54 4
1715367123 0.000039 0.000085 0.000596 0.000720 81 4
1715367124 0.000042 0.000071 0.001968 0.002081 64 4
1715367125 0.000044 0.000071 0.002270 0.002385 54 4
1715367126 0.000057 0.000081 0.001169 0.001307 54 4
1715367127 0.000047 0.000081 0.003540 0.003668 63 4
1715367128 0.000032 0.000064 0.000308 0.000404 120 4
1715367129 0.000043 0.000074 0.000739 0.000856 84 4
1715367130 0.000061 0.000072 0.029641 0.029774 44 4
1715367131 0.000050 0.000073 0.027326 0.027449 63 4
1715367132 0.000050 0.000080 0.010723 0.010853 23 4
1715367133 0.000049 0.000077 0.001018 0.001144 72 4
1715367134 0.000050 0.000072 0.002617 0.002739 63 4
1715367135 0.000056 0.000077 0.004901 0.005034 44 4
1715367136 0.000050 0.000076 0.001561 0.001687 36 4
1715367137 0.000033 0.000079 0.000341 0.000453 102 4
1715367138 0.000048 0.000062 0.000633 0.000743 102 4
1715367139 0.000047 0.000074 0.005447 0.005568 44 4
1715367140 0.000052 0.000067 0.000832 0.000951 72 4
1715367141 0.000054 0.000085 0.009114 0.009253 63 4
1715367142 0.000062 0.000079 0.003343 0.003484 34 4
1715367143 0.000049 0.000079 0.005172 0.005300 34 4
1715367144 0.000047 0.000076 0.001656 0.001779 45 4
1715367145 0.000056 0.000077 0.001354 0.001487 44 4
1715367146 0.000041 0.000071 0.000805 0.000917 72 4
1715367147 0.000048 0.000074 0.009638 0.009760 63 4
1715367148 0.000060 0.000088 0.001795 0.001943 54 4
1715367149 0.000040 0.000068 0.000616 0.000724 80 4
1715367150 0.000052 0.000088 0.001167 0.001307 56 4
1715367151 0.000033 0.000062 0.001603 0.001698 95 4
1715367152 0.000046 0.000073 0.003517 0.003636 54 4
1715367153 0.000062 0.000075 0.001895 0.002032 54 4
1715367154 0.000042 0.000065 0.001642 0.001749 88 4
1715367155 0.000041 0.000067 0.001120 0.001228 72 4
1715367156 0.000043 0.000078 0.005129 0.005250 54 4
1715367157 0.000047 0.000079 0.006182 0.006308 54 4
1715367158 0.000044 0.000070 0.000988 0.001102 88 4
1715367159 0.000046 0.000074 0.003606 0.003726 54 4
1715367160 0.000037 0.000070 0.000450 0.000557 104 4
1715367161 0.000041 0.000083 0.000768 0.000892 80 4
1715367162 0.000046 0.000073 0.027894 0.028013 44 4
1715367163 0.000046 0.000074 0.003757 0.003877 63 4
1715367164 0.000052 0.000068 0.000809 0.000929 63 4
1715367165 0.000049 0.000074 0.003105 0.003228 44 4
1715367166 0.000045 0.000058 0.000489 0.000592 116 4
1715367167 0.000047 0.000072 0.004490 0.004609 64 4
1715367168 0.000046 0.000068 0.001786 0.001900 72 4
1715367169 0.000052 0.000081 0.002137 0.002270 23 4
1715367170 0.000048 0.000073 0.001407 0.001528 64 4
1715367171 0.000035 0.000070 0.000746 0.000851 72 4
1715367172 0.000043 0.000072 0.009201 0.009316 64 4
1715367173 0.000044 0.000073 0.001025 0.001142 54 4
1715367174 0.000048 0.000074 0.000649 0.000771 80 4
1715367175 0.000053 0.000072 0.001054 0.001179 54 4
1715367176 0.000050 0.000077 0.002329 0.002456 44 4
1715367177 0.000032 0.000067 0.000466 0.000565 114 4
1715367178 0.000057 0.000078 0.001330 0.001465 44 4
1715367179 0.000047 0.000076 0.001577 0.001700 34 4
1715367180 0.000047 0.000062 0.000858 0.000967 81 4
1715367181 0.000039 0.000087 0.001084 0.001210 72 4
1715367182 0.000057 0.000072 0.001305 0.001434 72 4
1715367183 0.000043 0.000069 0.001113 0.001225 45 4
1715367184 0.000041 0.000068 0.003983 0.004092 63 4
1715367185 0.000041 0.000081 0.001065 0.001187 72 4
1715367186 0.000053 0.000072 0.001024 0.001149 45 4
1715367187 0.000056 0.000074 0.000820 0.000950 64 4
1715367188 0.000065 0.000077 0.001413 0.001555 36 4
1715367189 0.000060 0.000078 0.000565 0.000703 88 4
1715367190 0.000042 0.000069 0.000512 0.000623 96 4
1715367191 0.000045 0.000063 0.000464 0.000572 90 4
1715367192 0.000052 0.000080 0.032171 0.032303 48 4
1715367193 0.000044 0.000081 0.002139 0.002264 54 4
1715367194 0.000058 0.000071 0.001059 0.001188 74 4
1715367195 0.000063 0.000120 0.001524 0.001707 54 4
1715367196 0.000055 0.000071 0.002263 0.002389 81 4
1715367197 0.000047 0.000082 0.000780 0.000909 64 4
1715367198 0.000058 0.000078 0.001705 0.001841 44 4
1715367199 0.000051 0.000067 0.010692 0.010810 102 4
1715367200 0.000051 0.000069 0.000559 0.000679 102 4
1715367201 0.000054 0.000074 0.010773 0.010901 45 4
1715367202 0.000048 0.000090 0.004853 0.004991 12 4
1715367203 0.000055 0.000083 0.000987 0.001125 63 4
1715367204 0.000053 0.000083 0.001069 0.001205 64 4
1715367205 0.000054 0.000090 0.000844 0.000988 64 4
1715367206 0.000057 0.000077 0.002238 0.002372 45 4
1715367207 0.000065 0.000083 0.005939 0.006087 34 4
1715367208 0.000050 0.000077 0.001966 0.002093 72 4
1715367209 0.000050 0.000067 0.000942 0.001059 81 4
1715367210 0.000062 0.000077 0.045330 0.045469 45 4
1715367211 0.000054 0.000077 0.001620 0.001751 36 4
1715367212 0.000056 0.000068 0.001300 0.001424 63 4
1715367213 0.000048 0.000067 0.001222 0.001337 102 4
1715367214 0.000058 0.000068 0.001108 0.001234 63 4
1715367215 0.000056 0.000068 0.000712 0.000836 74 4
1715367216 0.000055 0.000081 0.003210 0.003346 72 4
1715367217 0.000053 0.000095 0.000868 0.001016 67 4
1715367218 0.000059 0.000068 0.000453 0.000580 96 4
1715367219 0.000038 0.000064 0.000715 0.000817 88 4
1715367220 0.000051 0.000069 0.000856 0.000976 88 4
1715367221 0.000078 0.000082 0.003687 0.003847 34 4
1715367222 0.000056 0.000070 0.001125 0.001251 72 4
1715367223 0.000043 0.000070 0.000904 0.001017 88 4
1715367224 0.000074 0.000073 0.011849 0.011996 54 4
1715367225 0.000046 0.000085 0.001246 0.001377 74 4
1715367226 0.000065 0.000110 0.001674 0.001849 81 4
1715367227 0.000063 0.000070 0.001651 0.001784 80 4
1715367228 0.000058 0.000073 0.001656 0.001787 34 4
1715367229 0.000063 0.000080 0.014921 0.015064 45 4
1715367230 0.000059 0.000074 0.002109 0.002242 44 4
1715367231 0.000047 0.000076 0.001428 0.001551 54 4
1715367232 0.000063 0.000072 0.000947 0.001082 54 4
1715367233 0.000053 0.000072 0.004108 0.004233 64 4
1715367234 0.000058 0.000076 0.004604 0.004738 54 4
1715367235 0.000054 0.000073 0.000913 0.001040 45 4
1715367236 0.000052 0.000067 0.000793 0.000912 80 4
1715367237 0.000066 0.000082 0.011338 0.011486 23 4
1715367238 0.000049 0.000084 0.001259 0.001392 36 4
1715367239 0.000089 0.000104 0.014760 0.014953 81 4
1715367240 0.000035 0.000070 0.000482 0.000587 102 4
1715367241 0.000042 0.000071 0.001414 0.001527 96 4
1715367242 0.000055 0.000065 0.000431 0.000551 95 4
1715367243 0.000049 0.000073 0.000942 0.001064 64 4
1715367244 0.000055 0.000084 0.000806 0.000945 64 4
1715367245 0.000052 0.000087 0.004102 0.004241 44 4
1715367246 0.000048 0.000083 0.003522 0.003653 64 4
1715367247 0.000072 0.000083 0.004352 0.004507 34 4
1715367248 0.000046 0.000072 0.002224 0.002342 72 4
1715367249 0.000054 0.000073 0.001031 0.001158 63 4
1715367250 0.000052 0.000067 0.001229 0.001348 80 4
1715367251 0.000066 0.000074 0.001611 0.001751 56 4
1715367252 0.000058 0.000073 0.001851 0.001982 45 4
1715367253 0.000055 0.000085 0.009826 0.009966 54 4
1715367254 0.000069 0.000070 0.006729 0.006868 80 4
1715367255 0.000057 0.000068 0.000949 0.001074 54 4
1715367256 0.000056 0.000072 0.011399 0.011527 72 4
1715367257 0.000056 0.000088 0.001835 0.001979 88 4
1715367258 0.000064 0.000089 0.002944 0.003097 34 4
1715367259 0.000050 0.000064 0.000520 0.000634 80 4
1715367260 0.000046 0.000081 0.000922 0.001049 80 4
1715367261 0.000067 0.000092 0.001097 0.001256 36 4
1715367262 0.000056 0.000068 0.009031 0.009155 54 4
1715367263 0.000044 0.000072 0.000899 0.001015 54 4
1715367264 0.000056 0.000072 0.001657 0.001785 34 4
1715367265 0.000039 0.000092 0.000558 0.000689 88 4
1715367266 0.000042 0.000064 0.000480 0.000586 95 4
1715367267 0.000059 0.000065 0.005628 0.005752 44 4
1715367268 0.000039 0.000073 0.002877 0.002989 88 4
1715367269 0.000055 0.000096 0.000726 0.000877 72 4
1715367270 0.000054 0.000073 0.002652 0.002779 80 4
1715367271 0.000052 0.000082 0.492545 0.492679 36 4
1715367272 0.000051 0.000081 0.001027 0.001159 48 4
1715367273 0.000060 0.000089 3.005865 3.006014 34 4
1715367274 0.000032 0.000062 0.000391 0.000485 104 4
1715367275 0.000031 0.000059 0.000733 0.000823 81 4
1715367276 0.000043 0.000069 0.527161 0.527273 23 4
1715367277 0.000032 0.000061 0.000843 0.000936 109 4
1715367278 0.000042 0.000069 0.001123 0.001234 23 4
1715367279 0.000035 0.000061 0.000572 0.000668 81 4
1715367280 0.000036 0.000065 0.001263 0.001364 34 4
1715367281 0.000047 0.000072 0.024036 0.024155 23 4
1715367282 0.000037 0.000067 0.001780 0.001884 44 4
1715367283 0.000036 0.000064 0.004173 0.004273 63 4
1715367284 0.000033 0.000062 0.000820 0.000915 63 4
1715367285 0.000034 0.000066 0.000812 0.000912 54 4
1715367286 0.000035 0.000064 0.000769 0.000868 45 4
1715367287 0.000041 0.000066 0.001035 0.001142 54 4
1715367288 0.000043 0.000068 0.002204 0.002315 23 4
1715367289 0.000040 0.000067 0.001297 0.001404 34 4
1715367290 0.000036 0.000063 0.004613 0.004712 72 4
1715367291 0.000038 0.000065 0.000692 0.000795 64 4
1715367292 0.000032 0.000061 0.000639 0.000732 88 4
1715367293 0.000040 0.000068 0.000987 0.001095 44 4
1715367294 0.000044 0.000068 0.002329 0.002441 54 4
1715367295 0.000036 0.000062 0.000730 0.000828 74 4
1715367296 0.000039 0.000067 0.001372 0.001478 54 4
1715367297 0.000034 0.000062 0.006651 0.006747 72 4
1715367298 0.000047 0.000072 0.027253 0.027372 12 4
1715367299 0.000043 0.000069 0.005461 0.005573 63 4
1715367300 0.000037 0.000063 0.000847 0.000947 63 4
1715367301 0.000044 0.000073 19.719558 19.719675 34 4
1715367302 0.000044 0.000073 0.001030 0.001147 54 4
1715367303 0.000041 0.000067 0.003870 0.003978 54 4
1715367304 0.000038 0.000065 0.001042 0.001145 72 4
1715367305 0.000035 0.000061 0.000511 0.000607 80 4
1715367306 0.000050 0.000072 0.026445 0.026567 44 4
1715367307 0.000033 0.000061 0.000719 0.000813 72 4
1715367308 0.000032 0.000061 0.002308 0.002401 81 4
1715367309 0.000037 0.000064 0.001207 0.001308 63 4
1715367310 0.000042 0.000066 0.000610 0.000718 74 4
1715367311 0.000030 0.000060 0.000474 0.000564 95 4
1715367312 0.000034 0.000062 0.000588 0.000684 80 4
1715367313 0.000041 0.000068 0.022995 0.023104 64 4
1715367314 0.000032 0.000060 0.000608 0.000700 72 4
1715367315 0.000033 0.000062 0.001668 0.001763 54 4
1715367316 0.000036 0.000065 0.001333 0.001434 45 4
1715367317 0.000040 0.000066 0.008215 0.008321 63 4
1715367318 0.000034 0.000064 0.002953 0.003051 63 4
1715367319 0.000037 0.000065 0.005296 0.005398 45 4
1715367320 0.000039 0.000067 0.085333 0.085439 44 4
1715367321 0.000037 0.000068 0.002545 0.002650 54 4
1715367322 0.000039 0.000066 0.003701 0.003806 54 4
1715367323 0.000035 0.000061 0.005520 0.005616 90 4
1715367324 0.000034 0.000061 0.002098 0.002193 64 4
1715367325 0.000033 0.000058 0.001903 0.001994 88 4
1715367326 0.000043 0.000067 0.012859 0.012969 63 4
1715367327 0.000045 0.000072 0.001771 0.001888 34 4
1715367328 0.000045 0.000061 0.001293 0.001399 95 4
1715367329 0.000045 0.000066 0.028292 0.028403 34 4
1715367330 0.000054 0.000068 0.003933 0.004055 36 4
1715367331 0.000041 0.000063 0.000514 0.000618 72 4
1715367332 0.000029 0.000058 0.000702 0.000789 72 4
1715367333 0.000028 0.000057 0.000654 0.000739 63 4
1715367334 0.000038 0.000063 0.000751 0.000852 45 4
1715367335 0.000038 0.000058 0.000317 0.000413 99 4
1715367336 0.000044 0.000067 0.001484 0.001595 24 4
1715367337 0.000047 0.000065 1.020326 1.020438 54 4
1715367338 0.000054 0.000073 0.002179 0.002306 44 4
1715367339 0.000044 0.000065 0.001020 0.001129 64 4
1715367340 0.000044 0.000066 0.000761 0.000871 64 4
1715367341 0.000038 0.000064 0.000641 0.000743 80 4
1715367342 0.000034 0.000057 0.001018 0.001109 88 4
1715367343 0.000037 0.000056 0.000613 0.000706 114 4
1715367344 0.000036 0.000060 0.000943 0.001039 81 4
1715367345 0.000043 0.000064 0.001174 0.001281 64 4
1715367346 0.000044 0.000067 0.001828 0.001939 45 4
1715367347 0.000043 0.000063 0.000904 0.001010 72 4
1715367348 0.000045 0.000070 0.000963 0.001078 34 4
1715367349 0.000040 0.000063 0.063928 0.064031 72 4
1715367350 0.000053 0.000070 0.001088 0.001211 64 4
1715367351 0.000049 0.000068 0.001474 0.001591 36 4
1715367352 0.000043 0.000066 0.003229 0.003338 64 4
1715367353 0.000037 0.000060 0.000504 0.000601 81 4
1715367354 0.000043 0.000065 0.000911 0.001019 54 4
1715367355 0.000037 0.000061 0.000977 0.001075 63 4
1715367356 0.000036 0.000059 0.001944 0.002039 99 4
1715367357 0.000045 0.000066 0.000848 0.000959 44 4
1715367358 0.000037 0.000060 0.000621 0.000718 88 4
1715367359 0.000039 0.000062 0.003642 0.003743 72 4
1715367360 0.000041 0.000063 0.034562 0.034666 80 4
1715367361 0.000050 0.000072 0.027298 0.027420 54 4
1715367362 0.000034 0.000065 0.001356 0.001455 63 4
1715367363 0.000044 0.000063 0.004429 0.004536 72 4
1715367364 0.000050 0.000066 0.000718 0.000834 64 4
1715367365 0.000037 0.000061 0.001671 0.001769 72 4
1715367366 0.000032 0.000060 0.000847 0.000939 72 4
1715367367 0.000038 0.000059 0.000862 0.000959 72 4
1715367368 0.000035 0.000058 0.000723 0.000816 95 4
1715367369 0.000036 0.000059 0.130027 0.130122 80 4
1715367370 0.000037 0.000073 0.001153 0.001263 80 4
1715367371 0.000036 0.000066 0.000584 0.000686 109 4
1715367372 0.000056 0.000083 0.001563 0.001702 24 4
1715367373 0.000039 0.000071 0.000924 0.001034 72 4
1715367374 0.000044 0.000075 0.003547 0.003666 72 4
1715367375 0.000052 0.000077 0.005089 0.005218 45 4
1715367376 0.000048 0.000072 0.001131 0.001251 63 4
1715367377 0.000050 0.000076 0.001163 0.001289 64 4
1715367378 0.000044 0.000073 0.001860 0.001977 54 4
1715367379 0.000036 0.000065 0.000349 0.000450 102 4
1715367380 0.000046 0.000071 0.001074 0.001191 63 4
1715367381 0.000044 0.000064 0.000418 0.000526 96 4
1715367382 0.000054 0.000080 0.004737 0.004871 24 4
1715367383 0.000039 0.000064 0.000792 0.000895 88 4
1715367384 0.000036 0.000069 0.000865 0.000970 81 4
1715367385 0.000045 0.000071 0.083206 0.083322 64 4
1715367386 0.000042 0.000068 0.000783 0.000893 63 4
1715367387 0.000047 0.000068 0.003089 0.003204 45 4
1715367388 0.000040 0.000064 0.000951 0.001055 64 4
1715367389 0.000041 0.000065 0.001235 0.001341 72 4
1715367390 0.000036 0.000059 0.002881 0.002976 88 4
1715367391 0.000036 0.000060 0.000474 0.000570 96 4
1715367392 0.000037 0.000060 0.001140 0.001237 95 4
1715367393 0.000048 0.000075 0.000969 0.001092 44 4
1715367394 0.000045 0.000068 0.001564 0.001677 24 4
1715367395 0.000054 0.000071 0.003019 0.003144 45 4
1715367396 0.000043 0.000067 0.001217 0.001327 63 4
1715367397 0.000039 0.000072 0.006173 0.006284 34 4
1715367398 0.000048 0.000070 0.006075 0.006193 64 4
1715367399 0.000043 0.000068 0.057463 0.057574 45 4
1715367400 0.000053 0.000065 0.000936 0.001054 63 4
1715367401 0.000045 0.000066 0.002374 0.002485 72 4
1715367402 0.000041 0.000064 0.003368 0.003473 63 4
1715367403 0.000043 0.000065 0.001157 0.001265 64 4
1715367404 0.000037 0.000060 0.000646 0.000743 81 4
1715367405 0.000041 0.000062 0.001571 0.001674 81 4
1715367406 0.000044 0.000065 0.000724 0.000833 74 4
1715367407 0.000032 0.000056 0.000387 0.000475 96 4
1715367408 0.000052 0.000072 0.003876 0.004000 23 4
1715367409 0.000047 0.000072 0.001398 0.001517 34 4
1715367410 0.000047 0.000068 0.068126 0.068241 54 4
1715367411 0.000053 0.000074 0.001536 0.001663 12 4
1715367412 0.000043 0.000068 0.000946 0.001057 63 4
1715367413 0.000039 0.000065 0.011544 0.011648 63 4
1715367414 0.000040 0.000064 0.002540 0.002644 72 4
1715367415 0.000033 0.000060 0.000726 0.000819 72 4
1715367416 0.000039 0.000063 0.000906 0.001008 81 4
1715367417 0.000036 0.000060 0.001420 0.001516 96 4
1715367418 0.000037 0.000061 0.000596 0.000694 90 4
1715367419 0.000043 0.000066 0.016409 0.016518 74 4
1715367420 0.000041 0.000061 0.000421 0.000523 95 4
1715367421 0.000030 0.000055 0.000221 0.000306 114 4
1715367422 0.000046 0.000073 0.001401 0.001520 23 4
1715367423 0.000042 0.000065 0.002001 0.002108 54 4
1715367424 0.000027 0.000056 0.000603 0.000686 80 4
1715367425 0.000041 0.000068 0.001210 0.001319 34 4
1715367426 0.000034 0.000059 0.000814 0.000907 64 4
1715367427 0.000038 0.000062 0.001953 0.002053 72 4
1715367428 0.000036 0.000062 0.000866 0.000964 54 4
1715367429 0.000039 0.000061 0.000413 0.000513 102 4
1715367430 0.000050 0.000068 0.000833 0.000951 56 4
1715367431 0.000031 0.000058 0.000389 0.000478 95 4
1715367432 0.000033 0.000059 0.000686 0.000778 72 4
1715367433 0.000051 0.000069 0.016138 0.016258 23 4
1715367434 0.000046 0.000068 0.001297 0.001411 45 4
1715367435 0.000045 0.000068 0.002150 0.002263 34 4
1715367436 0.000038 0.000062 0.001820 0.001920 72 4
1715367437 0.000050 0.000070 0.013178 0.013298 45 4
1715367438 0.000042 0.000066 0.000987 0.001095 44 4
1715367439 0.000031 0.000060 0.006182 0.006273 72 4
1715367440 0.000038 0.000066 0.001354 0.001458 34 4
1715367441 0.000041 0.000061 0.000576 0.000678 81 4
1715367442 0.000037 0.000060 0.000888 0.000985 63 4
1715367443 0.000034 0.000059 0.000700 0.000793 72 4
1715367444 0.000043 0.000064 0.000674 0.000781 72 4
1715367445 0.000027 0.000054 0.000290 0.000371 116 4
1715367446 0.000047 0.000066 0.271555 0.271668 45 4
1715367447 0.000061 0.000073 0.004018 0.004152 44 4
1715367448 0.000041 0.000065 0.000906 0.001012 72 4
1715367449 0.000043 0.000067 0.000844 0.000954 72 4
1715367450 0.000047 0.000068 0.123472 0.123587 56 4
1715367451 0.000058 0.000070 0.008359 0.008487 63 4
1715367452 0.000045 0.000065 0.001269 0.001379 72 4
1715367453 0.000036 0.000060 0.001155 0.001251 80 4
1715367454 0.000040 0.000064 0.000702 0.000806 63 4
1715367455 0.000046 0.000065 0.000946 0.001057 63 4
1715367456 0.000049 0.000067 0.004756 0.004872 45 4
1715367457 0.000043 0.000065 0.002825 0.002933 64 4
1715367458 0.000051 0.000071 0.042285 0.042407 44 4
1715367459 0.000047 0.000072 0.004339 0.004458 63 4
1715367460 0.000040 0.000069 0.000992 0.001101 63 4
1715367461 0.000048 0.000072 0.005505 0.005625 44 4
1715367462 0.000047 0.000069 0.017374 0.017490 72 4
1715367463 0.000046 0.000074 0.000950 0.001070 45 4
1715367464 0.000044 0.000068 0.003205 0.003317 44 4
1715367465 0.000035 0.000063 0.000556 0.000654 102 4
1715367466 0.000049 0.000080 0.003044 0.003173 34 4
1715367467 0.000039 0.000065 0.000945 0.001049 84 4
1715367468 0.000052 0.000072 0.048263 0.048387 45 4
1715367469 0.000050 0.000071 0.002018 0.002139 45 4
1715367470 0.000044 0.000067 0.001800 0.001911 34 4
1715367471 0.000039 0.000065 0.002293 0.002397 34 4
1715367472 0.000040 0.000057 0.000600 0.000697 88 4
1715367473 0.000041 0.000066 0.001283 0.001390 23 4
1715367474 0.000047 0.000067 0.007382 0.007496 54 4
1715367475 0.000043 0.000068 0.001297 0.001408 24 4
1715367476 0.000044 0.000067 0.001181 0.001292 48 4
1715367477 0.000050 0.000066 0.000782 0.000898 44 4
1715367478 0.000047 0.000067 0.001129 0.001243 44 4
1715367479 0.000043 0.000066 0.004348 0.004457 34 4
1715367480 0.000050 0.000068 0.017736 0.017854 45 4
1715367481 0.000042 0.000063 0.000841 0.000946 72 4
1715367482 0.000034 0.000058 0.003218 0.003310 88 4
1715367483 0.000042 0.000064 0.012235 0.012341 64 4
1715367484 0.000041 0.000059 0.000925 0.001025 102 4
1715367485 0.000043 0.000066 0.000793 0.000902 54 4
1715367486 0.000044 0.000066 0.002277 0.002387 36 4
1715367487 0.000044 0.000065 0.003982 0.004091 56 4
1715367488 0.000037 0.000061 0.014456 0.014554 74 4
1715367489 0.000051 0.000069 0.001621 0.001741 23 4
1715367490 0.000040 0.000064 0.000499 0.000603 81 4
1715367491 0.000044 0.000068 0.003496 0.003608 24 4
1715367492 0.000047 0.000070 0.125088 0.125205 12 4
1715367493 0.000059 0.000071 0.001875 0.002005 45 4
1715367494 0.000034 0.000056 0.000353 0.000443 104 4
1715367495 0.000035 0.000061 0.000727 0.000823 63 4
1715367496 0.000047 0.000067 0.526196 0.526310 54 4
1715367497 0.000055 0.000071 0.003154 0.003280 54 4
1715367498 0.000050 0.000067 0.001035 0.001152 45 4
1715367499 0.000041 0.000065 0.290133 0.290239 63 4
1715367500 0.000052 0.000070 0.000744 0.000866 63 4
1715367501 0.000041 0.000066 0.002291 0.002398 45 4
1715367502 0.000044 0.000063 0.001191 0.001298 45 4
1715367503 0.000042 0.000067 0.001335 0.001444 34 4
1715367504 0.000047 0.000067 0.040980 0.041094 45 4
1715367505 0.000052 0.000072 0.006834 0.006958 34 4
1715367506 0.000038 0.000062 0.001475 0.001575 72 4
1715367507 0.000042 0.000061 0.013973 0.014076 74 4
1715367508 0.000034 0.000058 0.000468 0.000560 95 4
1715367509 0.000040 0.000064 0.010263 0.010367 72 4
1715367510 0.000048 0.000075 0.004129 0.004252 24 4
1715367511 0.000037 0.000059 0.000590 0.000686 88 4
1715367512 0.000039 0.000067 0.002116 0.002222 34 4
1715367513 0.000050 0.000069 0.002469 0.002588 54 4
1715367514 0.000042 0.000068 0.001969 0.002079 44 4
1715367515 0.000042 0.000067 0.001342 0.001451 34 4
1715367516 0.000039 0.000063 0.001823 0.001925 80 4
1715367517 0.000039 0.000064 0.000839 0.000942 63 4
1715367518 0.000035 0.000060 0.000667 0.000762 95 4
1715367519 0.000046 0.000069 0.005768 0.005883 56 4
1715367520 0.000045 0.000059 0.000476 0.000580 88 4
1715367521 0.000046 0.000069 0.002879 0.002994 44 4
1715367522 0.000037 0.000063 0.000991 0.001091 56 4
1715367523 0.000035 0.000061 0.000935 0.001031 72 4
1715367524 0.000041 0.000069 0.001717 0.001827 23 4
1715367525 0.000040 0.000066 0.001017 0.001123 54 4
1715367526 0.000037 0.000064 0.001225 0.001326 72 4
1715367527 0.000053 0.000073 0.055684 0.055810 23 4
1715367528 0.000054 0.000076 0.005825 0.005955 36 4
1715367529 0.000042 0.000066 0.000729 0.000837 95 4
1715367530 0.000049 0.000085 0.006421 0.006555 72 4
1715367531 0.000052 0.000078 0.001598 0.001728 44 4
1715367532 0.000054 0.000074 0.101405 0.101533 45 4
1715367533 0.000038 0.000066 0.066246 0.066350 72 4
1715367534 0.000048 0.000065 0.043127 0.043240 81 4
1715367535 0.000035 0.000068 0.001243 0.001346 44 4
1715367536 0.000036 0.000064 0.002629 0.002729 64 4
1715367537 0.000035 0.000063 0.001004 0.001102 64 4
1715367538 0.000040 0.000067 0.002626 0.002733 54 4
1715367539 0.000042 0.000066 1.413278 1.413386 54 4
1715367540 0.000035 0.000065 0.019437 0.019537 63 4
1715367541 0.000031 0.000060 0.048695 0.048786 63 4
1715367542 0.000042 0.000070 0.002980 0.003092 45 4
1715367543 0.000043 0.000069 0.001077 0.001189 44 4
1715367544 0.000033 0.000060 0.001077 0.001170 64 4
1715367545 0.000029 0.000056 0.000399 0.000484 102 4
1715367546 0.000034 0.000063 0.001110 0.001207 44 4
1715367547 0.000040 0.000065 0.009093 0.009198 54 4
1715367548 0.000039 0.000066 0.001621 0.001726 72 4
1715367549 0.000051 0.000074 0.049378 0.049503 23 4
1715367550 0.000031 0.000063 0.001052 0.001146 81 4
1715367551 0.000038 0.000064 0.003617 0.003719 72 4
1715367552 0.000041 0.000068 0.005855 0.005964 36 4
1715367553 0.000040 0.000068 0.009341 0.009449 34 4
1715367554 0.000036 0.000064 0.001157 0.001257 72 4
1715367555 0.000033 0.000061 0.001504 0.001598 80 4
1715367556 0.000022 0.000049 0.000143 0.000214 128 4
1715367557 0.000037 0.000066 0.001218 0.001321 44 4
1715367558 0.000036 0.000065 0.000589 0.000690 72 4
1715367559 0.000030 0.000058 0.000543 0.000631 88 4
1715367560 0.000038 0.000066 0.001767 0.001871 54 4
1715367561 0.000035 0.000064 0.000837 0.000936 63 4
1715367562 0.000032 0.000060 0.003850 0.003942 88 4
1715367563 0.000039 0.000068 0.006831 0.006938 44 4
1715367564 0.000036 0.000064 0.001042 0.001142 56 4
1715367565 0.000038 0.000065 0.000842 0.000945 54 4
1715367566 0.000030 0.000060 0.000717 0.000807 81 4
1715367567 0.000043 0.000069 0.001732 0.001844 54 4
1715367568 0.000039 0.000066 0.002535 0.002640 54 4
1715367569 0.000043 0.000069 0.001446 0.001558 34 4
1715367570 0.000035 0.000064 0.000649 0.000748 63 4
1715367571 0.000039 0.000068 0.001244 0.001351 34 4
1715367572 0.000047 0.000073 0.001957 0.002077 12 4
1715367573 0.000033 0.000060 0.000505 0.000598 80 4
1715367574 0.000031 0.000059 0.001522 0.001612 72 4
1715367575 0.000037 0.000063 0.001090 0.001190 63 4
1715367576 0.000032 0.000061 0.000724 0.000817 88 4
1715367577 0.000037 0.000063 0.001980 0.002080 72 4
1715367578 0.000033 0.000060 0.000521 0.000614 81 4
1715367579 0.000041 0.000068 0.001129 0.001238 34 4
1715367580 0.000031 0.000060 0.001867 0.001958 90 4
1715367581 0.000036 0.000062 0.000727 0.000825 72 4
1715367582 0.000030 0.000057 0.000691 0.000778 81 4
1715367583 0.000041 0.000068 0.001387 0.001496 23 4
1715367584 0.000039 0.000067 0.048723 0.048829 24 4
1715367585 0.000037 0.000066 0.013022 0.013125 63 4
1715367586 0.000037 0.000069 0.003848 0.003954 63 4
1715367587 0.000048 0.000070 0.002771 0.002889 34 4
1715367588 0.000040 0.000067 0.001136 0.001243 54 4
1715367589 0.000043 0.000068 0.009930 0.010041 54 4
1715367590 0.000037 0.000064 0.000952 0.001053 63 4
1715367591 0.000039 0.000063 0.000981 0.001083 72 4
1715367592 0.000032 0.000062 0.000921 0.001015 54 4
1715367593 0.000043 0.000067 0.000922 0.001032 36 4
1715367594 0.000034 0.000061 0.006140 0.006235 72 4
1715367595 0.000042 0.000070 0.016004 0.016116 12 4
1715367596 0.000040 0.000066 0.006745 0.006851 72 4
1715367597 0.000043 0.000071 0.014344 0.014458 34 4
1715367598 0.000030 0.000057 0.000342 0.000429 109 4
1715367599 0.000041 0.000064 0.001191 0.001296 72 4
1715367600 0.000031 0.000058 0.000621 0.000710 80 4
1715367601 0.000041 0.000066 0.000810 0.000917 64 4
1715367602 0.000035 0.000063 0.001724 0.001822 63 4
1715367603 0.000048 0.000072 0.001542 0.001662 23 4
1715367604 0.000031 0.000056 0.001146 0.001233 116 4
1715367605 0.000033 0.000059 0.000915 0.001007 88 4
1715367606 0.000036 0.000062 0.000614 0.000712 81 4
1715367607 0.000040 0.000066 0.001036 0.001142 56 4
1715367608 0.000042 0.000067 0.001950 0.002059 54 4
1715367609 0.000025 0.000051 0.000282 0.000358 109 4
1715367610 0.000036 0.000063 0.000948 0.001047 64 4
1715367611 0.000039 0.000064 0.001822 0.001925 56 4
1715367612 0.000041 0.000066 2.049950 2.050057 72 4
1715367613 0.000040 0.000071 0.002903 0.003014 56 4
1715367614 0.000035 0.000064 0.001374 0.001473 64 4
1715367615 0.000042 0.000070 0.001396 0.001508 34 4
1715367616 0.000040 0.000067 0.000988 0.001095 72 4
1715367617 0.000042 0.000068 0.001205 0.001315 56 4
1715367618 0.000039 0.000068 0.001600 0.001707 54 4
1715367619 0.000035 0.000063 0.020439 0.020537 72 4
1715367620 0.000044 0.000072 135.413610 135.413726 23 4
1715367621 0.000043 0.000071 0.002881 0.002995 81 4
1715367622 0.000035 0.000063 0.000708 0.000806 88 4
1715367623 0.000031 0.000060 0.000547 0.000638 88 4
1715367624 0.000038 0.000066 0.000969 0.001073 54 4
1715367625 0.000036 0.000062 0.002897 0.002995 72 4
1715367626 0.000038 0.000067 0.001328 0.001433 44 4
1715367627 0.000044 0.000070 0.000932 0.001046 54 4
1715367628 0.000037 0.000063 0.008631 0.008731 74 4
1715367629 0.000040 0.000066 0.009340 0.009446 63 4
1715367630 0.000038 0.000065 0.001244 0.001347 81 4
1715367631 0.000041 0.000069 0.001321 0.001431 34 4
1715367632 0.000033 0.000061 0.002467 0.002561 80 4
1715367633 0.000031 0.000058 0.001392 0.001481 109 4
1715367634 0.000048 0.000072 0.013374 0.013494 45 4
1715367635 0.000038 0.000066 0.000955 0.001059 63 4
1715367636 0.000044 0.000071 0.030283 0.030398 54 4
1715367637 0.000037 0.000066 0.001267 0.001370 54 4
1715367638 0.000040 0.000068 0.001133 0.001241 45 4
1715367639 0.000038 0.000069 0.001147 0.001254 23 4
1715367640 0.000036 0.000066 0.002625 0.002727 45 4
1715367641 0.000037 0.000063 0.000559 0.000659 81 4
1715367642 0.000039 0.000066 0.002428 0.002533 80 4
1715367643 0.000039 0.000067 0.001365 0.001471 44 4
1715367644 0.000040 0.000067 0.001446 0.001553 34 4
1715367645 0.000038 0.000067 0.012468 0.012573 34 4
1715367646 0.000040 0.000068 0.003243 0.003351 36 4
1715367647 0.000046 0.000071 0.001418 0.001535 54 4
1715367648 0.000038 0.000064 0.000760 0.000862 72 4
1715367649 0.000038 0.000068 0.003505 0.003611 34 4
1715367650 0.000027 0.000055 0.000383 0.000465 102 4
1715367651 0.000036 0.000065 0.001055 0.001156 44 4
1715367652 0.000036 0.000065 0.000888 0.000989 63 4
1715367653 0.000031 0.000060 0.000842 0.000933 67 4
1715367654 0.000037 0.000063 0.000675 0.000775 64 4
1715367655 0.000046 0.000072 0.009260 0.009378 12 4
1715367656 0.000034 0.000060 0.001016 0.001110 88 4
1715367657 0.000043 0.000070 0.001216 0.001329 12 4
1715367658 0.000032 0.000061 0.000981 0.001074 80 4
1715367659 0.000037 0.000064 0.006998 0.007099 67 4
1715367660 0.000042 0.000070 0.001697 0.001809 44 4
1715367661 0.000036 0.000062 0.001614 0.001712 64 4
1715367662 0.000036 0.000063 0.003178 0.003277 54 4
1715367663 0.000033 0.000062 0.001120 0.001215 54 4
1715367664 0.000034 0.000062 0.001443 0.001539 44 4
1715367665 0.000044 0.000069 0.000701 0.000814 63 4
1715367666 0.000040 0.000062 0.000777 0.000879 56 4
1715367667 0.000037 0.000065 0.003893 0.003995 54 4
1715367668 0.000040 0.000064 0.000844 0.000948 72 4
1715367669 0.000032 0.000060 0.000681 0.000773 72 4
1715367670 0.000031 0.000059 0.002174 0.002264 72 4
1715367671 0.000043 0.000066 0.001498 0.001607 45 4
1715367672 0.000045 0.000067 0.001186 0.001298 56 4
1715367673 0.000039 0.000067 0.003182 0.003288 34 4
1715367674 0.000038 0.000064 0.001882 0.001984 54 4
1715367675 0.000033 0.000060 0.000610 0.000703 80 4
1715367676 0.000044 0.000069 0.001945 0.002058 44 4
1715367677 0.000034 0.000059 0.000966 0.001059 96 4
1715367678 0.000039 0.000064 0.001523 0.001626 64 4
1715367679 0.000035 0.000060 0.000483 0.000578 90 4
1715367680 0.000040 0.000067 0.001126 0.001233 56 4
1715367681 0.000045 0.000069 0.002178 0.002292 54 4
1715367682 0.000038 0.000065 0.001146 0.001249 45 4
1715367683 0.000033 0.000058 0.000421 0.000512 96 4
1715367684 0.000044 0.000066 0.000930 0.001040 72 4
1715367685 0.000036 0.000062 0.000691 0.000789 81 4
1715367686 0.000034 0.000061 0.001612 0.001707 81 4
1715367687 0.000040 0.000066 0.169186 0.169292 54 4
1715367688 0.000040 0.000069 0.001624 0.001733 63 4
1715367689 0.000033 0.000061 0.000938 0.001032 81 4
1715367690 0.000045 0.000071 0.004053 0.004169 12 4
1715367691 0.000035 0.000062 0.001270 0.001367 84 4
1715367692 0.000036 0.000066 0.001967 0.002069 24 4
1715367693 0.000038 0.000067 0.001344 0.001449 56 4
1715367694 0.000036 0.000063 0.007567 0.007666 64 4
1715367695 0.000035 0.000063 0.001999 0.002097 56 4
1715367696 0.000035 0.000063 0.001079 0.001177 54 4
1715367697 0.000038 0.000066 0.008903 0.009007 64 4
1715367698 0.000045 0.000070 0.001470 0.001585 24 4
1715367699 0.000034 0.000057 0.000279 0.000370 109 4
1715367700 0.000039 0.000066 0.020769 0.020874 45 4
1715367701 0.000035 0.000062 0.001099 0.001196 63 4
1715367702 0.000039 0.000063 0.000596 0.000698 74 4
1715367703 0.000046 0.000072 0.002120 0.002238 12 4
1715367704 0.000032 0.000062 0.000651 0.000745 63 4
1715367705 0.000048 0.000070 0.005534 0.005652 34 4
1715367706 0.000037 0.000060 0.000783 0.000880 80 4
1715367707 0.000029 0.000058 0.000377 0.000464 95 4
1715367708 0.000043 0.000066 0.003403 0.003512 44 4
1715367709 0.000038 0.000066 0.002390 0.002494 45 4
1715367710 0.000040 0.000064 0.001066 0.001170 72 4
1715367711 0.000040 0.000060 0.001345 0.001445 96 4
1715367712 0.000044 0.000070 0.002959 0.003073 0 4
1715367713 0.000037 0.000062 0.000527 0.000626 81 4
1715367714 0.000043 0.000067 0.001684 0.001794 54 4
1715367715 0.000038 0.000063 0.006074 0.006175 81 4
1715367716 0.000041 0.000065 0.001103 0.001209 54 4
1715367717 0.000051 0.000073 0.002535 0.002659 34 4
1715367718 0.000049 0.000070 0.001798 0.001917 23 4
1715367719 0.000034 0.000063 0.005803 0.005900 63 4
1715367720 0.000040 0.000061 0.001074 0.001175 88 4
1715367721 0.000039 0.000063 0.000605 0.000707 74 4
1715367722 0.000050 0.000071 0.017731 0.017852 24 4
1715367723 0.000041 0.000067 0.001242 0.001350 54 4
1715367724 0.000038 0.000068 0.200263 0.200369 45 4
1715367725 0.000048 0.000072 0.120378 0.120498 54 4
1715367726 0.000067 0.000069 0.588226 0.588362 54 4
1715367727 0.000045 0.000069 0.001192 0.001306 56 4
1715367728 0.000043 0.000066 0.004863 0.004972 54 4
1715367729 0.000038 0.000061 0.000880 0.000979 96 4
1715367730 0.000048 0.000071 0.001257 0.001376 34 4
1715367731 0.000041 0.000065 0.000912 0.001018 64 4
1715367732 0.000038 0.000063 0.001060 0.001161 54 4
1715367733 0.000053 0.000071 0.003017 0.003141 24 4
1715367734 0.000048 0.000070 0.001434 0.001552 34 4
1715367735 0.000034 0.000059 0.001281 0.001374 84 4
1715367736 0.000036 0.000059 0.000577 0.000672 84 4
1715367737 0.000040 0.000065 0.001815 0.001920 63 4
1715367738 0.000037 0.000059 0.000491 0.000587 96 4
1715367739 0.000036 0.000065 0.001197 0.001298 34 4
1715367740 0.000042 0.000065 0.000592 0.000699 63 4
1715367741 0.000029 0.000059 0.000947 0.001035 81 4
1715367742 0.000042 0.000064 0.000827 0.000933 63 4
1715367743 0.000040 0.000066 0.000960 0.001066 54 4
1715367744 0.000045 0.000068 0.001693 0.001806 34 4
1715367745 0.000048 0.000064 0.012178 0.012290 72 4
1715367746 0.000049 0.000070 0.001356 0.001475 34 4
1715367747 0.000044 0.000067 0.001977 0.002088 36 4
1715367748 0.000037 0.000062 0.000807 0.000906 72 4
1715367749 0.000037 0.000061 0.000810 0.000908 54 4
1715367750 0.000042 0.000064 0.001501 0.001607 72 4
1715367751 0.000040 0.000059 0.000594 0.000693 95 4
1715367752 0.000043 0.000067 0.017937 0.018047 23 4
1715367753 0.000038 0.000062 0.001497 0.001597 88 4
1715367754 0.000035 0.000061 0.000567 0.000663 84 4
1715367755 0.000046 0.000070 0.001432 0.001548 24 4
1715367756 0.000043 0.000065 0.015253 0.015361 44 4
1715367757 0.000034 0.000058 0.000390 0.000482 96 4
1715367758 0.000039 0.000065 0.000909 0.001013 80 4
1715367759 0.000048 0.000066 0.001755 0.001869 34 4
1715367760 0.000043 0.000064 0.001494 0.001601 72 4
1715367761 0.000040 0.000063 0.003300 0.003403 88 4
1715367762 0.000040 0.000064 0.000638 0.000742 72 4
1715367763 0.000045 0.000069 0.001252 0.001366 23 4
1715367764 0.000051 0.000070 0.007147 0.007268 36 4
1715367765 0.000033 0.000071 0.000526 0.000630 81 4
1715367766 0.000045 0.000073 0.000896 0.001014 44 4
1715367767 0.000036 0.000062 0.000547 0.000645 84 4
1715367768 0.000039 0.000067 0.000548 0.000654 72 4
1715367769 0.000056 0.000078 0.146936 0.147070 12 4
1715367770 0.000049 0.000065 0.004177 0.004291 80 4
1715367771 0.000034 0.000057 0.000368 0.000459 108 4
1715367772 0.000033 0.000059 0.000477 0.000569 90 4
1715367773 0.000042 0.000068 0.001371 0.001481 34 4
1715367774 0.000033 0.000056 0.000292 0.000381 108 4
1715367775 0.000044 0.000070 0.001542 0.001656 72 4
1715367776 0.000030 0.000059 0.000663 0.000752 80 4
1715367777 0.000043 0.000063 0.001461 0.001567 54 4
1715367778 0.000032 0.000062 0.003073 0.003167 63 4
1715367779 0.000041 0.000064 0.000740 0.000845 64 4
1715367780 0.000045 0.000069 0.001941 0.002055 24 4
1715367781 0.000041 0.000064 0.001434 0.001539 54 4
1715367782 0.000038 0.000064 0.001367 0.001469 72 4
1715367783 0.000036 0.000061 0.004071 0.004168 72 4
1715367784 0.000053 0.000068 0.000925 0.001046 54 4
1715367785 0.000037 0.000065 0.000971 0.001073 45 4
1715367786 0.000030 0.000060 0.012966 0.013056 72 4
1715367787 0.000041 0.000064 0.001036 0.001141 54 4
1715367788 0.000030 0.000058 0.000497 0.000585 96 4
1715367789 0.000048 0.000066 0.004233 0.004347 54 4
1715367790 0.000038 0.000068 0.002589 0.002695 24 4
1715367791 0.000047 0.000066 0.001043 0.001156 63 4
1715367792 0.000036 0.000062 0.000758 0.000856 64 4
1715367793 0.000047 0.000073 0.002746 0.002866 12 4
1715367794 0.000040 0.000065 0.004083 0.004188 44 4
1715367795 0.000034 0.000059 0.001021 0.001114 88 4
1715367796 0.000033 0.000056 0.000533 0.000622 88 4
1715367797 0.000043 0.000069 0.587292 0.587404 34 4
1715367798 0.000054 0.000067 0.000969 0.001090 74 4
1715367799 0.000053 0.000073 0.005746 0.005872 24 4
1715367800 0.000040 0.000065 0.000798 0.000903 56 4
1715367801 0.000038 0.000064 0.001157 0.001259 72 4
1715367802 0.000041 0.000067 0.006180 0.006288 44 4
1715367803 0.000039 0.000060 0.000842 0.000941 72 4
1715367804 0.000028 0.000057 0.000351 0.000436 95 4
1715367805 0.000030 0.000057 0.000665 0.000752 80 4
1715367806 0.000040 0.000066 0.001907 0.002013 44 4
1715367807 0.000047 0.000065 0.001114 0.001226 44 4
1715367808 0.000041 0.000066 0.000921 0.001028 72 4
1715367809 0.000049 0.000073 0.001113 0.001235 24 4
1715367810 0.000032 0.000058 0.000507 0.000597 95 4
1715367811 0.000036 0.000062 0.000747 0.000845 72 4
1715367812 0.000039 0.000065 0.001067 0.001171 54 4
1715367813 0.000040 0.000064 0.000645 0.000749 74 4
1715367814 0.000038 0.000065 0.004478 0.004581 64 4
1715367815 0.000026 0.000056 0.000393 0.000475 102 4
1715367816 0.000049 0.000068 0.001851 0.001968 63 4
1715367817 0.000044 0.000066 0.000907 0.001017 63 4
1715367818 0.000032 0.000057 0.001805 0.001894 88 4
1715367819 0.000049 0.000072 0.144565 0.144686 44 4
1715367820 0.000044 0.000071 0.036023 0.036138 34 4
1715367821 0.000047 0.000064 0.000798 0.000909 80 4
1715367822 0.000043 0.000067 0.002740 0.002850 34 4
1715367823 0.000035 0.000062 0.000882 0.000979 63 4
1715367824 0.000039 0.000064 0.000786 0.000889 72 4
1715367825 0.000036 0.000067 0.000997 0.001100 72 4
1715367826 0.000039 0.000062 0.001091 0.001192 95 4
1715367827 0.000031 0.000055 0.000421 0.000507 95 4
1715367828 0.000037 0.000067 0.015526 0.015630 74 4
1715367829 0.000032 0.000060 0.000495 0.000587 81 4
1715367830 0.000044 0.000064 0.000469 0.000577 81 4
1715367831 0.000040 0.000064 0.000899 0.001003 45 4
1715367832 0.000037 0.000062 0.000910 0.001009 74 4
1715367833 0.000038 0.000059 0.001035 0.001132 96 4
1715367834 0.000050 0.000072 0.025606 0.025728 23 4
1715367835 0.000027 0.000054 0.000233 0.000314 114 4
1715367836 0.000033 0.000060 0.001971 0.002064 81 4
1715367837 0.000040 0.000064 0.001507 0.001611 64 4
1715367838 0.000042 0.000064 0.003389 0.003495 72 4
1715367839 0.000041 0.000067 0.004110 0.004218 48 4
1715367840 0.000041 0.000066 0.011310 0.011417 63 4
1715367841 0.000038 0.000065 0.001311 0.001414 44 4
1715367842 0.000033 0.000058 0.000934 0.001025 88 4
1715367843 0.000041 0.000065 0.000719 0.000825 64 4
1715367844 0.000044 0.000061 0.000524 0.000629 85 4
1715367845 0.000034 0.000061 0.000824 0.000919 72 4
1715367846 0.000030 0.000059 0.000516 0.000605 88 4
1715367847 0.000035 0.000061 0.000533 0.000629 80 4
1715367848 0.000036 0.000065 0.003070 0.003171 64 4
1715367849 0.000045 0.000070 0.001158 0.001273 44 4
1715367850 0.000040 0.000065 0.002499 0.002604 54 4
1715367851 0.000037 0.000066 0.001250 0.001353 34 4
1715367852 0.000038 0.000066 0.001811 0.001915 44 4
1715367853 0.000037 0.000066 0.000801 0.000904 54 4
1715367854 0.000043 0.000069 0.033522 0.033634 36 4
1715367855 0.000055 0.000071 0.005515 0.005641 23 4
1715367856 0.000037 0.000063 0.000711 0.000811 63 4
1715367857 0.000035 0.000061 0.001175 0.001271 81 4
1715367858 0.000038 0.000062 0.001785 0.001885 54 4
1715367859 0.000038 0.000063 0.000846 0.000947 54 4
1715367860 0.000036 0.000064 0.001264 0.001364 54 4
1715367861 0.000040 0.000065 0.002087 0.002192 63 4
1715367862 0.000043 0.000065 0.000826 0.000934 64 4
1715367863 0.000038 0.000064 0.001110 0.001212 54 4
1715367864 0.000036 0.000059 0.000794 0.000889 81 4
1715367865 0.000035 0.000059 0.000914 0.001008 88 4
1715367866 0.000041 0.000065 0.006892 0.006998 72 4
1715367867 0.000036 0.000059 0.000605 0.000700 88 4
1715367868 0.000039 0.000062 0.000563 0.000664 84 4
1715367869 0.000040 0.000062 0.000698 0.000800 72 4
1715367870 0.000041 0.000066 0.000895 0.001002 63 4
1715367871 0.000042 0.000067 0.001985 0.002094 34 4
1715367872 0.000039 0.000063 0.015545 0.015647 72 4
1715367873 0.000037 0.000065 0.002424 0.002526 54 4
1715367874 0.000041 0.000062 0.000805 0.000908 72 4
1715367875 0.000041 0.000064 0.032373 0.032478 64 4
1715367876 0.000039 0.000063 0.001661 0.001763 88 4
1715367877 0.000048 0.000070 0.001351 0.001469 34 4
1715367878 0.000033 0.000058 0.000384 0.000475 96 4
1715367879 0.000053 0.000071 0.044447 0.044571 36 4
1715367880 0.000041 0.000071 0.003093 0.003205 24 4
1715367881 0.000035 0.000064 0.000784 0.000883 54 4
1715367882 0.000040 0.000067 0.000923 0.001030 80 4
1715367883 0.000039 0.000066 0.000923 0.001028 54 4
1715367884 0.000034 0.000065 0.000796 0.000895 64 4
1715367885 0.000042 0.000069 0.000815 0.000926 45 4
1715367886 0.000044 0.000067 0.115137 0.115248 72 4
1715367887 0.000063 0.000078 0.093612 0.093753 12 4
1715367888 0.000048 0.000073 0.001424 0.001545 23 4
1715367889 0.000052 0.000068 0.001363 0.001483 45 4
1715367890 0.000042 0.000066 0.001619 0.001727 34 4
1715367891 0.000049 0.000069 0.001236 0.001354 34 4
1715367892 0.000036 0.000062 0.001140 0.001238 56 4
1715367893 0.000042 0.000068 0.004593 0.004703 24 4
1715367894 0.000039 0.000063 0.000616 0.000718 72 4
1715367895 0.000044 0.000069 0.003080 0.003193 44 4
1715367896 0.000043 0.000069 0.001343 0.001455 34 4
1715367897 0.000054 0.000069 0.009312 0.009435 56 4
1715367898 0.000034 0.000063 0.000720 0.000817 72 4
1715367899 0.000035 0.000057 0.000537 0.000629 81 4
1715367900 0.000033 0.000061 0.001427 0.001521 72 4
1715367901 0.000046 0.000068 0.001452 0.001566 45 4
1715367902 0.000043 0.000068 0.001492 0.001603 34 4
1715367903 0.000035 0.000059 0.000341 0.000435 102 4
1715367904 0.000036 0.000064 0.000993 0.001093 45 4
1715367905 0.000041 0.000063 0.001416 0.001520 81 4
1715367906 0.000031 0.000055 0.000254 0.000340 109 4
1715367907 0.000037 0.000063 0.000766 0.000866 74 4
1715367908 0.000051 0.000074 0.077901 0.078026 12 4
1715367909 0.000052 0.000066 0.001624 0.001742 81 4
1715367910 0.000038 0.000062 0.001052 0.001152 81 4
1715367911 0.000045 0.000070 0.001024 0.001139 54 4
1715367912 0.000030 0.000055 0.000341 0.000426 102 4
1715367913 0.000032 0.000056 0.000376 0.000464 108 4
1715367914 0.000038 0.000064 0.000801 0.000903 45 4
1715367915 0.000040 0.000066 0.000956 0.001062 34 4
1715367916 0.000041 0.000063 0.001359 0.001463 72 4
1715367917 0.000040 0.000064 0.001803 0.001907 63 4
1715367918 0.000034 0.000057 0.000387 0.000478 95 4
1715367919 0.000042 0.000065 0.001570 0.001677 54 4
1715367920 0.000047 0.000067 0.000717 0.000831 44 4
1715367921 0.000037 0.000060 0.000821 0.000918 80 4
1715367922 0.000039 0.000064 0.000885 0.000988 54 4
1715367923 0.000043 0.000067 0.001223 0.001333 34 4
1715367924 0.000038 0.000062 0.001135 0.001235 44 4
1715367925 0.000042 0.000066 0.001036 0.001144 34 4
1715367926 0.000031 0.000060 0.000702 0.000793 63 4
1715367927 0.000035 0.000057 0.000454 0.000546 95 4
1715367928 0.000039 0.000064 0.000946 0.001049 45 4
1715367929 0.000042 0.000063 0.329826 0.329931 80 4
1715367930 0.000034 0.000063 0.000610 0.000707 95 4
1715367931 0.000065 0.000072 0.002914 0.003051 34 4
1715367932 0.000043 0.000068 0.001797 0.001908 23 4
1715367933 0.000037 0.000061 0.000570 0.000668 95 4
1715367934 0.000042 0.000068 0.001833 0.001943 34 4
1715367935 0.000043 0.000065 0.001068 0.001176 63 4
1715367936 0.000041 0.000068 0.001538 0.001647 34 4
1715367937 0.000049 0.000069 0.000941 0.001059 34 4
1715367938 0.000039 0.000063 0.006957 0.007059 81 4
1715367939 0.000046 0.000070 0.001835 0.001951 23 4
1715367940 0.000042 0.000070 0.004598 0.004710 34 4
1715367941 0.000041 0.000064 0.002967 0.003072 72 4
1715367942 0.000040 0.000098 0.002643 0.002781 44 4
1715367943 0.000039 0.000063 0.000607 0.000709 72 4
1715367944 0.000039 0.000065 0.001515 0.001619 64 4
1715367945 0.000036 0.000061 0.001092 0.001189 80 4
1715367946 0.000033 0.000058 0.000501 0.000592 80 4
1715367947 0.000046 0.000070 0.001592 0.001708 12 4
1715367948 0.000049 0.000070 0.017827 0.017946 23 4
1715367949 0.000040 0.000064 0.003757 0.003861 64 4
