1715375163 0.000222 0.000160 0.000284 0.000666 111 4
1715375164 0.000134 0.000092 0.000200 0.000426 124 4
1715375165 0.000139 0.000090 0.000202 0.000431 120 4
1715375166 0.000153 0.000090 0.000231 0.000474 117 4
1715375167 0.000143 0.000089 0.000181 0.000413 120 4
1715375168 0.000129 0.000086 0.000128 0.000343 128 4
1715375169 0.000132 0.000088 0.000383 0.000603 114 4
1715375170 0.000134 0.000091 0.000368 0.000593 109 4
1715375171 0.000136 0.000101 0.000486 0.000723 102 4
1715375172 0.000126 0.000091 0.000189 0.000406 125 4
1715375173 0.000129 0.000097 0.000301 0.000527 107 4
1715375174 0.000142 0.000089 0.000185 0.000416 122 4
1715375175 0.000150 0.000094 0.000310 0.000554 106 4
1715375176 0.000136 0.000089 0.000163 0.000388 123 4
1715375177 0.000138 0.000097 0.000593 0.000828 117 4
1715375178 0.000129 0.000107 0.000289 0.000525 109 4
1715375179 0.000145 0.000090 0.000247 0.000482 116 4
1715375180 0.000133 0.000090 0.000232 0.000455 117 4
1715375181 0.000134 0.000087 0.000085 0.000306 133 4
1715375182 0.000140 0.000086 0.000208 0.000434 118 4
1715375183 0.000147 0.000096 0.000168 0.000411 124 4
1715375184 0.000133 0.000087 0.000154 0.000374 125 4
1715375185 0.000132 0.000091 0.000339 0.000562 109 4
1715375186 0.000127 0.000094 0.000280 0.000501 121 4
1715375187 0.000132 0.000090 0.000248 0.000470 114 4
1715375188 0.000134 0.000090 0.000395 0.000619 98 4
1715375189 0.000139 0.000086 0.000118 0.000343 129 4
1715375190 0.000132 0.000086 0.000110 0.000328 129 4
1715375191 0.000145 0.000089 0.000181 0.000415 122 4
1715375192 0.000144 0.000098 0.000178 0.000420 122 4
1715375193 0.000130 0.000088 0.000122 0.000340 128 4
1715375194 0.000128 0.000096 0.000285 0.000509 108 4
1715375195 0.000136 0.000097 0.000044 0.000277 138 4
1715375196 0.000149 0.000091 0.000183 0.000423 122 4
1715375197 0.000133 0.000089 0.000133 0.000355 132 4
1715375198 0.000134 0.000083 0.000307 0.000524 125 4
1715375199 0.000135 0.000096 0.000254 0.000485 113 4
1715375200 0.000141 0.000099 0.000157 0.000397 125 4
1715375201 0.000134 0.000095 0.000172 0.000401 123 4
1715375202 0.000152 0.000093 0.000146 0.000391 124 4
1715375203 0.000128 0.000098 0.000150 0.000376 124 4
1715375204 0.000144 0.000111 0.000382 0.000637 112 4
1715375205 0.000129 0.000102 0.000190 0.000421 117 4
1715375206 0.000130 0.000083 0.000073 0.000286 136 4
1715375207 0.000135 0.000091 0.000168 0.000394 123 4
1715375208 0.000149 0.000145 0.000405 0.000699 111 4
1715375209 0.000240 0.000161 0.000538 0.000939 107 4
1715375210 0.000255 0.000168 0.000347 0.000770 121 4
1715375211 0.000230 0.000187 0.000351 0.000768 119 4
1715375212 0.000234 0.000151 0.000280 0.000665 123 4
1715375213 0.000240 0.000154 0.000114 0.000508 135 4
1715375214 0.000224 0.000169 0.000655 0.001048 100 4
1715375215 0.000207 0.000158 0.000646 0.001011 101 4
1715375216 0.000244 0.000146 0.000118 0.000508 136 4
1715375217 0.000246 0.000161 0.000435 0.000842 116 4
1715375218 0.000239 0.000141 0.000365 0.000745 120 4
1715375219 0.000234 0.000164 0.000463 0.000861 113 4
1715375220 0.000240 0.000174 0.000243 0.000657 126 4
1715375221 0.000249 0.000182 0.000508 0.000939 110 4
1715375222 0.000221 0.000164 0.000379 0.000764 119 4
1715375223 0.000227 0.000165 0.000401 0.000793 118 4
1715375224 0.000236 0.000151 0.000196 0.000583 131 4
1715375225 0.000271 0.000154 0.000139 0.000564 133 4
1715375226 0.000243 0.000160 0.000435 0.000838 114 4
1715375227 0.000239 0.000183 0.000374 0.000796 118 4
1715375228 0.000224 0.000163 0.000268 0.000655 127 4
1715375229 0.000262 0.000155 0.000309 0.000726 126 4
1715375230 0.000241 0.000179 0.000252 0.000672 126 4
1715375231 0.000238 0.000140 0.000226 0.000604 126 4
1715375232 0.000224 0.000141 0.000324 0.000689 119 4
1715375233 0.000241 0.000173 0.000651 0.001065 99 4
1715375234 0.000227 0.000167 0.000560 0.000954 112 4
1715375235 0.000185 0.000149 0.000559 0.000893 105 4
1715375236 0.000216 0.000131 0.000220 0.000567 121 4
1715375237 0.000142 0.000104 0.000366 0.000612 104 4
1715375238 0.000150 0.000122 0.000570 0.000842 92 4
1715375239 0.000130 0.000093 0.000122 0.000345 128 4
1715375240 0.000137 0.000094 0.000161 0.000392 125 4
1715375241 0.000144 0.000092 0.000190 0.000426 121 4
1715375242 0.000145 0.000096 0.000503 0.000744 91 4
1715375243 0.000143 0.000087 0.000158 0.000388 129 4
1715375244 0.000142 0.000094 0.000299 0.000535 110 4
1715375245 0.000145 0.000085 0.000073 0.000303 135 4
1715375246 0.000162 0.000117 0.000294 0.000573 113 4
1715375247 0.000152 0.000097 0.000155 0.000404 127 4
1715375248 0.000147 0.000090 0.000164 0.000401 127 4
1715375249 0.000182 0.000093 0.000226 0.000501 115 4
1715375250 0.000153 0.000117 0.000237 0.000507 117 4
1715375251 0.000142 0.000114 0.000123 0.000379 129 4
1715375252 0.000146 0.000104 0.000359 0.000609 105 4
1715375253 0.000149 0.000097 0.000176 0.000422 125 4
1715375254 0.000149 0.000102 0.000592 0.000843 90 4
1715375255 0.000214 0.000122 0.000249 0.000585 124 4
1715375256 0.000139 0.000133 0.000419 0.000691 98 4
1715375257 0.000136 0.000118 0.000299 0.000553 108 4
1715375258 0.000158 0.000092 0.000205 0.000455 121 4
1715375259 0.000169 0.000097 0.000158 0.000424 127 4
1715375260 0.000130 0.000103 0.000563 0.000796 92 4
1715375261 0.000165 0.000095 0.000548 0.000808 103 4
1715375262 0.000143 0.000109 0.000198 0.000450 120 4
1715375263 0.000159 0.000083 0.000092 0.000334 131 4
1715375264 0.000141 0.000104 0.000154 0.000399 126 4
1715375265 0.000156 0.000093 0.000223 0.000472 121 4
1715375266 0.000139 0.000100 0.000387 0.000626 107 4
1715375267 0.000154 0.000090 0.000181 0.000425 125 4
1715375268 0.000148 0.000094 0.000333 0.000575 107 4
1715375269 0.000144 0.000096 0.000301 0.000541 110 4
1715375270 0.000142 0.000090 0.000132 0.000364 127 4
1715375271 0.000160 0.000094 0.000141 0.000395 127 4
1715375272 0.000147 0.000109 0.000174 0.000430 125 4
1715375273 0.000149 0.000091 0.000125 0.000365 131 4
1715375274 0.000138 0.000096 0.000395 0.000629 110 4
1715375275 0.000142 0.000097 0.000261 0.000500 117 4
1715375276 0.000162 0.000094 0.000170 0.000426 126 4
1715375277 0.000141 0.000094 0.000106 0.000341 130 4
1715375278 0.000148 0.000095 0.000170 0.000413 124 4
1715375279 0.000140 0.000094 0.000265 0.000499 117 4
1715375280 0.000156 0.000093 0.000152 0.000401 129 4
1715375281 0.000196 0.000124 0.000286 0.000606 120 4
1715375282 0.000160 0.000088 0.000126 0.000374 129 4
1715375283 0.000163 0.000090 0.000046 0.000299 138 4
1715375284 0.000154 0.000094 0.000377 0.000625 115 4
1715375285 0.000134 0.000116 0.000548 0.000798 87 4
1715375286 0.000157 0.000090 0.000146 0.000393 129 4
1715375287 0.000159 0.000094 0.000168 0.000421 125 4
1715375288 0.000155 0.000106 0.000143 0.000404 127 4
1715375289 0.000140 0.000092 0.000143 0.000375 126 4
1715375290 0.000153 0.000092 0.000101 0.000346 131 4
1715375291 0.000145 0.000094 0.000165 0.000404 128 4
1715375292 0.000153 0.000092 0.000127 0.000372 128 4
1715375293 0.000158 0.000097 0.000183 0.000438 123 4
1715375294 0.000150 0.000097 0.000298 0.000545 109 4
1715375295 0.000152 0.000103 0.000164 0.000419 125 4
1715375296 0.000157 0.000090 0.000125 0.000372 130 4
1715375297 0.000143 0.000093 0.000267 0.000503 115 4
1715375298 0.000149 0.000094 0.000202 0.000445 123 4
1715375299 0.000151 0.000092 0.000315 0.000558 111 4
1715375300 0.000148 0.000088 0.000119 0.000355 129 4
1715375301 0.000153 0.000107 0.000239 0.000499 118 4
1715375302 0.000140 0.000107 0.000246 0.000493 116 4
1715375303 0.000136 0.000094 0.000370 0.000600 115 4
1715375304 0.000137 0.000095 0.000306 0.000538 110 4
1715375305 0.000162 0.000089 0.000263 0.000514 121 4
1715375306 0.000147 0.000104 0.000096 0.000347 134 4
1715375307 0.000141 0.000101 0.000332 0.000574 109 4
1715375308 0.000135 0.000097 0.000425 0.000657 98 4
1715375309 0.000200 0.000139 0.000445 0.000784 116 4
1715375310 0.000152 0.000096 0.000298 0.000546 113 4
1715375311 0.000136 0.000093 0.000282 0.000511 114 4
1715375312 0.000140 0.000098 0.000109 0.000347 133 4
1715375313 0.000156 0.000093 0.000099 0.000348 131 4
1715375314 0.000151 0.000107 0.000261 0.000519 125 4
1715375315 0.000150 0.000091 0.000170 0.000411 125 4
1715375316 0.000146 0.000103 0.000132 0.000381 129 4
1715375317 0.000151 0.000098 0.000431 0.000680 94 4
1715375318 0.000145 0.000099 0.000337 0.000581 110 4
1715375319 0.000145 0.000096 0.000098 0.000339 133 4
1715375320 0.000141 0.000096 0.000339 0.000576 108 4
1715375321 0.000140 0.000098 0.000289 0.000527 112 4
1715375322 0.000164 0.000093 0.000238 0.000495 125 4
1715375323 0.000134 0.000105 0.000577 0.000816 88 4
1715375324 0.000138 0.000093 0.000171 0.000402 127 4
1715375325 0.000142 0.000096 0.000615 0.000853 80 4
1715375326 0.000163 0.000094 0.000178 0.000435 123 4
1715375327 0.000133 0.000104 0.000405 0.000642 99 4
1715375328 0.000158 0.000092 0.000238 0.000488 118 4
1715375329 0.000158 0.000092 0.000262 0.000512 117 4
1715375330 0.000167 0.000112 0.000147 0.000426 127 4
1715375331 0.000143 0.000098 0.000186 0.000427 124 4
1715375332 0.000140 0.000095 0.000168 0.000403 123 4
1715375333 0.000182 0.000128 0.000133 0.000443 133 4
1715375334 0.000178 0.000094 0.000307 0.000579 109 4
1715375335 0.000162 0.000095 0.000241 0.000498 116 4
1715375336 0.000137 0.000105 0.000237 0.000479 118 4
1715375337 0.000140 0.000105 0.000264 0.000509 116 4
1715375338 0.000148 0.000096 0.000109 0.000353 132 4
1715375339 0.000151 0.000107 0.000296 0.000554 118 4
1715375340 0.000153 0.000085 0.000063 0.000301 136 4
1715375341 0.000160 0.000091 0.000118 0.000369 129 4
1715375342 0.000140 0.000106 0.000261 0.000507 117 4
1715375343 0.000147 0.000103 0.000080 0.000330 137 4
1715375344 0.000153 0.000090 0.000157 0.000400 128 4
1715375345 0.000144 0.000106 0.000199 0.000449 124 4
1715375346 0.000141 0.000092 0.000225 0.000458 119 4
1715375347 0.000155 0.000110 0.000275 0.000540 117 4
1715375348 0.000138 0.000113 0.000763 0.001014 85 4
1715375349 0.000141 0.000098 0.000189 0.000428 122 4
1715375350 0.000160 0.000090 0.000129 0.000379 129 4
1715375351 0.000149 0.000103 0.000203 0.000455 120 4
1715375352 0.000136 0.000094 0.000197 0.000427 121 4
1715375353 0.000137 0.000101 0.001101 0.001339 80 4
1715375354 0.000140 0.000113 0.000296 0.000549 112 4
1715375355 0.000152 0.000117 0.000153 0.000422 127 4
1715375356 0.000150 0.000092 0.000161 0.000403 125 4
1715375357 0.000141 0.000098 0.000424 0.000663 103 4
1715375358 0.000195 0.000125 0.000146 0.000466 132 4
1715375359 0.000172 0.000100 0.001110 0.001382 94 4
1715375360 0.000144 0.000093 0.000128 0.000365 129 4
1715375361 0.000138 0.000102 0.000394 0.000634 104 4
1715375362 0.000135 0.000091 0.000274 0.000500 114 4
1715375363 0.000130 0.000091 0.000337 0.000558 109 4
1715375364 0.000137 0.000094 0.000318 0.000549 106 4
1715375365 0.000133 0.000094 0.000350 0.000577 102 4
1715375366 0.000130 0.000094 0.000470 0.000694 89 4
1715375367 0.000138 0.000088 0.000392 0.000618 107 4
1715375368 0.000158 0.000089 0.000087 0.000334 132 4
1715375369 0.000141 0.000098 0.000247 0.000486 116 4
1715375370 0.000144 0.000123 0.000281 0.000548 114 4
1715375371 0.000147 0.000108 0.000136 0.000391 129 4
1715375372 0.000137 0.000086 0.000229 0.000452 116 4
1715375373 0.000130 0.000093 0.000378 0.000601 110 4
1715375374 0.000131 0.000092 0.000372 0.000595 102 4
1715375375 0.000118 0.000108 0.000390 0.000616 102 4
1715375376 0.000156 0.000097 0.000470 0.000723 90 4
1715375377 0.000140 0.000112 0.000264 0.000516 114 4
1715375378 0.000135 0.000096 0.000394 0.000625 103 4
1715375379 0.000144 0.000095 0.000278 0.000517 114 4
1715375380 0.000163 0.000094 0.000061 0.000318 136 4
1715375381 0.000146 0.000106 0.000402 0.000654 102 4
1715375382 0.000207 0.000127 0.000186 0.000520 127 4
1715375383 0.000131 0.000131 0.000482 0.000744 98 4
1715375384 0.000146 0.000085 0.000099 0.000330 132 4
1715375385 0.000166 0.000092 0.000150 0.000408 128 4
1715375386 0.000140 0.000098 0.000269 0.000507 116 4
1715375387 0.000136 0.000087 0.000095 0.000318 133 4
1715375388 0.000133 0.000092 0.000239 0.000464 115 4
1715375389 0.000146 0.000097 0.000397 0.000640 101 4
1715375390 0.000123 0.000091 0.000160 0.000374 124 4
1715375391 0.000160 0.000091 0.000114 0.000365 130 4
1715375392 0.000146 0.000093 0.000385 0.000624 100 4
1715375393 0.000148 0.000091 0.000389 0.000628 101 4
1715375394 0.000127 0.000095 0.000177 0.000399 120 4
1715375395 0.000142 0.000089 0.000201 0.000432 118 4
1715375396 0.000152 0.000097 0.000235 0.000484 118 4
1715375397 0.000159 0.000091 0.000340 0.000590 109 4
1715375398 0.000142 0.000094 0.000217 0.000453 116 4
1715375399 0.000154 0.000100 0.000303 0.000557 110 4
1715375400 0.000138 0.000095 0.000247 0.000480 115 4
1715375401 0.000140 0.000086 0.000139 0.000365 126 4
1715375402 0.000152 0.000110 0.000482 0.000744 104 4
1715375403 0.000142 0.000095 0.000324 0.000561 105 4
1715375404 0.000159 0.000092 0.000043 0.000294 138 4
1715375405 0.000142 0.000100 0.000352 0.000594 108 4
1715375406 0.000151 0.000092 0.000246 0.000489 119 4
1715375407 0.000144 0.000093 0.000234 0.000471 121 4
1715375408 0.000186 0.000136 0.000345 0.000667 112 4
1715375409 0.000142 0.000092 0.000346 0.000580 105 4
1715375410 0.000136 0.000085 0.000105 0.000326 131 4
1715375411 0.000140 0.000088 0.000078 0.000306 134 4
1715375412 0.000151 0.000099 0.000269 0.000519 112 4
1715375413 0.000147 0.000082 0.000084 0.000313 133 4
1715375414 0.000142 0.000097 0.000389 0.000628 102 4
1715375415 0.000127 0.000094 0.000198 0.000419 120 4
1715375416 0.000127 0.000093 0.000439 0.000659 102 4
1715375417 0.000158 0.000091 0.000152 0.000401 127 4
1715375418 0.000152 0.000093 0.000386 0.000631 101 4
1715375419 0.000131 0.000099 0.000071 0.000301 133 4
1715375420 0.000130 0.000089 0.000278 0.000497 113 4
1715375421 0.000131 0.000092 0.000488 0.000711 98 4
1715375422 0.000140 0.000094 0.000260 0.000494 120 4
1715375423 0.000158 0.000100 0.000086 0.000344 135 4
1715375424 0.000133 0.000082 0.000128 0.000343 129 4
1715375425 0.000142 0.000090 0.000451 0.000683 90 4
1715375426 0.000129 0.000098 0.000507 0.000734 111 4
1715375427 0.000136 0.000092 0.000348 0.000576 103 4
1715375428 0.000153 0.000095 0.000265 0.000513 111 4
1715375429 0.000153 0.000099 0.000227 0.000479 121 4
1715375430 0.000140 0.000089 0.000194 0.000423 126 4
1715375431 0.000165 0.000092 0.000183 0.000440 125 4
1715375432 0.000142 0.000096 0.000317 0.000555 113 4
1715375433 0.000141 0.000090 0.000055 0.000286 136 4
1715375434 0.000157 0.000094 0.000198 0.000449 121 4
1715375435 0.000171 0.000162 0.000949 0.001282 74 4
1715375436 0.000122 0.000105 0.000210 0.000437 116 4
1715375437 0.000140 0.000094 0.000155 0.000389 127 4
1715375438 0.000139 0.000098 0.000364 0.000601 105 4
1715375439 0.000132 0.000094 0.000219 0.000445 118 4
1715375440 0.000137 0.000096 0.000307 0.000540 110 4
1715375441 0.000141 0.000092 0.000205 0.000438 120 4
1715375442 0.000147 0.000110 0.000186 0.000443 123 4
1715375443 0.000158 0.000094 0.000251 0.000503 115 4
1715375444 0.000143 0.000103 0.000369 0.000615 104 4
1715375445 0.000132 0.000090 0.000180 0.000402 121 4
1715375446 0.000146 0.000100 0.000132 0.000378 128 4
1715375447 0.000150 0.000092 0.000145 0.000387 126 4
1715375448 0.000149 0.000090 0.000119 0.000358 131 4
1715375449 0.000163 0.000089 0.000044 0.000296 138 4
1715375450 0.000137 0.000093 0.000089 0.000319 131 4
1715375451 0.000135 0.000103 0.000244 0.000482 117 4
1715375452 0.000144 0.000084 0.000071 0.000299 134 4
1715375453 0.000140 0.000092 0.000397 0.000629 103 4
1715375454 0.000138 0.000095 0.000318 0.000551 113 4
1715375455 0.000148 0.000094 0.000249 0.000491 116 4
1715375456 0.000139 0.000098 0.000229 0.000466 116 4
1715375457 0.000149 0.000092 0.000232 0.000473 120 4
1715375458 0.000159 0.000094 0.000159 0.000412 125 4
1715375459 0.000155 0.000093 0.000223 0.000471 120 4
1715375460 0.000147 0.000108 0.000230 0.000485 119 4
1715375461 0.000142 0.000106 0.000206 0.000454 120 4
1715375462 0.000192 0.000133 0.000316 0.000641 113 4
1715375463 0.000136 0.000084 0.000061 0.000281 136 4
1715375464 0.000145 0.000079 0.000074 0.000298 134 4
1715375465 0.000140 0.000087 0.000166 0.000393 125 4
1715375466 0.000143 0.000099 0.000564 0.000806 101 4
1715375467 0.000146 0.000088 0.000127 0.000361 130 4
1715375468 0.000128 0.000108 0.000278 0.000514 113 4
1715375469 0.000140 0.000090 0.000198 0.000428 119 4
1715375470 0.000147 0.000098 0.000280 0.000525 114 4
1715375471 0.000145 0.000093 0.000099 0.000337 132 4
1715375472 0.000141 0.000090 0.000241 0.000472 114 4
1715375473 0.000151 0.000087 0.000256 0.000494 114 4
1715375474 0.000149 0.000091 0.000330 0.000570 115 4
1715375475 0.000136 0.000105 0.000716 0.000957 80 4
1715375476 0.000153 0.000093 0.000155 0.000401 124 4
1715375477 0.000144 0.000084 0.000149 0.000377 127 4
1715375478 0.000134 0.000090 0.000239 0.000463 117 4
1715375479 0.000128 0.000095 0.000471 0.000694 89 4
1715375480 0.000126 0.000104 0.000221 0.000451 117 4
1715375481 0.000173 0.000105 0.000213 0.000491 121 4
1715375482 0.000137 0.000080 0.000104 0.000321 132 4
1715375483 0.000131 0.000087 0.000131 0.000349 127 4
1715375484 0.000149 0.000096 0.000165 0.000410 127 4
1715375485 0.000142 0.000108 0.000256 0.000506 116 4
1715375486 0.000146 0.000105 0.001011 0.001262 79 4
1715375487 0.000150 0.000098 0.000413 0.000661 100 4
1715375488 0.000211 0.000130 0.000341 0.000682 108 4
1715375489 0.000143 0.000090 0.000208 0.000441 121 4
1715375490 0.000172 0.000092 0.000083 0.000347 135 4
1715375491 0.000135 0.000105 0.000580 0.000820 90 4
1715375492 0.000143 0.000087 0.000104 0.000334 130 4
1715375493 0.000125 0.000110 0.000359 0.000594 101 4
1715375494 0.000155 0.000089 0.000194 0.000438 119 4
1715375495 0.000132 0.000092 0.000051 0.000275 137 4
1715375496 0.000141 0.000095 0.000263 0.000499 115 4
1715375497 0.000134 0.000090 0.000264 0.000488 113 4
1715375498 0.000141 0.000086 0.000210 0.000437 118 4
1715375499 0.000147 0.000088 0.000208 0.000443 120 4
1715375500 0.000147 0.000098 0.000067 0.000312 135 4
1715375501 0.000125 0.000093 0.000478 0.000696 101 4
1715375502 0.000152 0.000092 0.000361 0.000605 110 4
1715375503 0.000149 0.000095 0.000150 0.000394 125 4
1715375504 0.000158 0.000094 0.000089 0.000341 133 4
1715375505 0.000143 0.000087 0.000210 0.000440 120 4
1715375506 0.000132 0.000087 0.000230 0.000449 117 4
1715375507 0.000157 0.000098 0.000230 0.000485 117 4
1715375508 0.000137 0.000098 0.000075 0.000310 134 4
1715375509 0.000168 0.000094 0.000201 0.000463 121 4
1715375510 0.000142 0.000092 0.000326 0.000560 110 4
1715375511 0.000150 0.000089 0.000138 0.000377 131 4
1715375512 0.000143 0.000092 0.000243 0.000478 117 4
1715375513 0.000153 0.000095 0.000093 0.000341 133 4
1715375514 0.000212 0.000125 0.000230 0.000567 124 4
1715375515 0.000137 0.000095 0.000148 0.000380 125 4
1715375516 0.000136 0.000086 0.000252 0.000474 117 4
1715375517 0.000137 0.000083 0.000068 0.000288 138 4
1715375518 0.000141 0.000090 0.000311 0.000542 106 4
1715375519 0.000168 0.000093 0.000149 0.000410 127 4
1715375520 0.000143 0.000087 0.000100 0.000330 130 4
1715375521 0.000130 0.000090 0.000211 0.000431 120 4
1715375522 0.000138 0.000092 0.000213 0.000443 118 4
1715375523 0.000137 0.000089 0.000213 0.000439 117 4
1715375524 0.000146 0.000098 0.000334 0.000578 108 4
1715375525 0.000142 0.000096 0.000199 0.000437 118 4
1715375526 0.000144 0.000103 0.000189 0.000436 119 4
1715375527 0.000148 0.000095 0.000149 0.000392 126 4
1715375528 0.000149 0.000111 0.000250 0.000510 116 4
1715375529 0.000131 0.000085 0.000078 0.000294 135 4
1715375530 0.000155 0.000098 0.000157 0.000410 125 4
1715375531 0.000152 0.000096 0.000149 0.000397 125 4
1715375532 0.000154 0.000084 0.000141 0.000379 127 4
1715375533 0.000137 0.000088 0.000101 0.000326 132 4
1715375534 0.000135 0.000089 0.000362 0.000586 111 4
1715375535 0.000132 0.000099 0.000159 0.000390 122 4
1715375536 0.000166 0.000093 0.000100 0.000359 132 4
1715375537 0.000154 0.000092 0.000195 0.000441 124 4
1715375538 0.000129 0.000100 0.000917 0.001146 74 4
1715375539 0.000147 0.000105 0.001471 0.001723 81 4
1715375540 0.000214 0.000128 0.000197 0.000539 125 4
1715375541 0.000131 0.000088 0.000291 0.000510 113 4
1715375542 0.000133 0.000088 0.000108 0.000329 132 4
1715375543 0.000137 0.000086 0.000157 0.000380 122 4
1715375544 0.000144 0.000096 0.000446 0.000686 104 4
1715375545 0.000160 0.000096 0.000268 0.000524 113 4
1715375546 0.000135 0.000089 0.000083 0.000307 132 4
1715375547 0.000143 0.000095 0.000227 0.000465 114 4
1715375548 0.000150 0.000118 0.000241 0.000509 116 4
1715375549 0.000130 0.000104 0.000381 0.000615 102 4
1715375550 0.000156 0.000099 0.000286 0.000541 109 4
1715375551 0.000143 0.000094 0.000380 0.000617 106 4
1715375552 0.000135 0.000089 0.000321 0.000545 114 4
1715375553 0.000139 0.000095 0.000563 0.000797 94 4
1715375554 0.000144 0.000110 0.000165 0.000419 123 4
1715375555 0.000133 0.000092 0.000170 0.000395 124 4
1715375556 0.000133 0.000091 0.000196 0.000420 121 4
1715375557 0.000138 0.000104 0.000306 0.000548 106 4
1715375558 0.000131 0.000090 0.000229 0.000450 115 4
1715375559 0.000144 0.000092 0.000045 0.000281 137 4
1715375560 0.000139 0.000105 0.000242 0.000486 117 4
1715375561 0.000144 0.000087 0.000206 0.000437 122 4
1715375562 0.000149 0.000099 0.000171 0.000419 125 4
1715375563 0.000136 0.000100 0.000407 0.000643 105 4
1715375564 0.000146 0.000083 0.000073 0.000302 135 4
1715375565 0.000163 0.000094 0.000067 0.000324 135 4
1715375566 0.000138 0.000110 0.000254 0.000502 118 4
1715375567 0.000216 0.000131 0.000143 0.000490 132 4
1715375568 0.000132 0.000088 0.000206 0.000426 118 4
1715375569 0.000164 0.000089 0.000155 0.000408 126 4
1715375570 0.000147 0.000092 0.000265 0.000504 111 4
1715375571 0.000152 0.000091 0.000318 0.000561 111 4
1715375572 0.000176 0.000099 0.000172 0.000447 121 4
1715375573 0.000146 0.000087 0.000169 0.000402 123 4
1715375574 0.000124 0.000096 0.000527 0.000747 94 4
1715375575 0.000144 0.000086 0.000177 0.000407 126 4
1715375576 0.000134 0.000085 0.000106 0.000325 131 4
1715375577 0.000139 0.000095 0.000363 0.000597 104 4
1715375578 0.000162 0.000092 0.000176 0.000430 126 4
1715375579 0.000131 0.000095 0.000446 0.000672 109 4
1715375580 0.000147 0.000092 0.000106 0.000345 131 4
1715375581 0.000135 0.000090 0.000199 0.000424 119 4
1715375582 0.000163 0.000093 0.000223 0.000479 123 4
1715375583 0.000140 0.000103 0.000128 0.000371 127 4
1715375584 0.000131 0.000088 0.000213 0.000432 117 4
1715375585 0.000135 0.000097 0.000438 0.000670 102 4
1715375586 0.000148 0.000088 0.000181 0.000417 122 4
1715375587 0.000130 0.000087 0.000202 0.000419 120 4
1715375588 0.000138 0.000099 0.000160 0.000397 124 4
1715375589 0.000135 0.000090 0.000117 0.000342 129 4
1715375590 0.000159 0.000095 0.000182 0.000436 123 4
1715375591 0.000141 0.000107 0.000266 0.000514 120 4
1715375592 0.000148 0.000094 0.000275 0.000517 115 4
1715375593 0.000146 0.000103 0.000109 0.000358 132 4
1715375594 0.000150 0.000087 0.000202 0.000439 121 4
1715375595 0.000209 0.000128 0.000039 0.000376 140 4
1715375596 0.000129 0.000088 0.000187 0.000404 121 4
1715375597 0.000132 0.000091 0.000279 0.000502 113 4
1715375598 0.000139 0.000092 0.000125 0.000356 127 4
1715375599 0.000137 0.000092 0.000165 0.000394 121 4
1715375600 0.000157 0.000098 0.000300 0.000555 115 4
1715375601 0.000138 0.000095 0.000228 0.000461 113 4
1715375602 0.000156 0.000091 0.000110 0.000357 131 4
1715375603 0.000136 0.000091 0.000316 0.000543 107 4
1715375604 0.000141 0.000094 0.000300 0.000535 114 4
1715375605 0.000147 0.000104 0.000061 0.000312 136 4
1715375606 0.000135 0.000090 0.000128 0.000353 128 4
1715375607 0.000152 0.000091 0.000188 0.000431 122 4
1715375608 0.000144 0.000095 0.000176 0.000415 122 4
1715375609 0.000132 0.000108 0.000370 0.000610 101 4
1715375610 0.000154 0.000098 0.000420 0.000672 101 4
1715375611 0.000155 0.000099 0.000365 0.000619 110 4
1715375612 0.000136 0.000084 0.000147 0.000367 125 4
1715375613 0.000156 0.000097 0.000194 0.000447 122 4
1715375614 0.000145 0.000084 0.000045 0.000274 138 4
1715375615 0.000142 0.000099 0.000233 0.000474 117 4
1715375616 0.000146 0.000100 0.000317 0.000563 113 4
1715375617 0.000136 0.000102 0.001132 0.001370 87 4
1715375618 0.000138 0.000092 0.000294 0.000524 111 4
1715375619 0.000134 0.000115 0.000330 0.000579 109 4
1715375620 0.000136 0.000112 0.000314 0.000562 112 4
1715375621 0.000200 0.000145 0.000162 0.000507 129 4
1715375622 0.000131 0.000087 0.000191 0.000409 121 4
1715375623 0.000129 0.000084 0.000054 0.000267 136 4
1715375624 0.000149 0.000087 0.000241 0.000477 114 4
1715375625 0.000138 0.000109 0.000085 0.000332 132 4
1715375626 0.000136 0.000099 0.000406 0.000641 99 4
1715375627 0.000140 0.000092 0.000141 0.000373 127 4
1715375628 0.000150 0.000096 0.000216 0.000462 117 4
1715375629 0.000122 0.000097 0.000748 0.000967 99 4
1715375630 0.000150 0.000094 0.000178 0.000422 124 4
1715375631 0.000160 0.000088 0.000114 0.000362 129 4
1715375632 0.000140 0.000090 0.000507 0.000737 105 4
1715375633 0.000148 0.000092 0.000271 0.000511 111 4
1715375634 0.000142 0.000096 0.000590 0.000828 106 4
1715375635 0.000139 0.000099 0.000315 0.000553 110 4
1715375636 0.000143 0.000092 0.000396 0.000631 101 4
1715375637 0.000140 0.000092 0.000226 0.000458 121 4
1715375638 0.000128 0.000107 0.000272 0.000507 109 4
1715375639 0.000135 0.000104 0.000154 0.000393 123 4
1715375640 0.000148 0.000113 0.000249 0.000510 115 4
1715375641 0.000137 0.000091 0.000136 0.000364 127 4
1715375642 0.000149 0.000089 0.000108 0.000346 131 4
1715375643 0.000154 0.000094 0.000261 0.000509 117 4
1715375644 0.000144 0.000103 0.000185 0.000432 122 4
1715375645 0.000150 0.000095 0.000294 0.000539 115 4
1715375646 0.000143 0.000095 0.000351 0.000589 107 4
1715375647 0.000193 0.000118 0.000201 0.000512 128 4
1715375648 0.000131 0.000087 0.000077 0.000295 133 4
1715375649 0.000150 0.000101 0.000123 0.000374 129 4
1715375650 0.000136 0.000088 0.000141 0.000365 128 4
1715375651 0.000132 0.000092 0.000220 0.000444 117 4
1715375652 0.000141 0.000090 0.000296 0.000527 110 4
1715375653 0.000144 0.000098 0.000105 0.000347 131 4
1715375654 0.000144 0.000083 0.000068 0.000295 135 4
1715375655 0.000144 0.000098 0.000626 0.000868 90 4
1715375656 0.000138 0.000093 0.000213 0.000444 118 4
1715375657 0.000164 0.000103 0.000618 0.000885 102 4
1715375658 0.000125 0.000087 0.000386 0.000598 117 4
1715375659 0.000149 0.000089 0.000129 0.000367 127 4
1715375660 0.000136 0.000096 0.000442 0.000674 94 4
1715375661 0.000158 0.000094 0.000214 0.000466 120 4
1715375662 0.000150 0.000102 0.000215 0.000467 118 4
1715375663 0.000139 0.000102 0.000130 0.000371 129 4
1715375664 0.000130 0.000090 0.000243 0.000463 113 4
1715375665 0.000126 0.000109 0.000239 0.000474 116 4
1715375666 0.000139 0.000094 0.000449 0.000682 97 4
1715375667 0.000148 0.000095 0.000144 0.000387 129 4
1715375668 0.000128 0.000092 0.000072 0.000292 134 4
1715375669 0.000153 0.000093 0.000096 0.000342 134 4
1715375670 0.000156 0.000101 0.000174 0.000431 125 4
1715375671 0.000140 0.000097 0.000165 0.000402 123 4
1715375672 0.000157 0.000090 0.000154 0.000401 126 4
1715375673 0.000157 0.000099 0.000247 0.000503 115 4
1715375674 0.000159 0.000124 0.000285 0.000568 111 4
1715375675 0.000195 0.000122 0.000211 0.000528 125 4
1715375676 0.000138 0.000084 0.000122 0.000344 128 4
1715375677 0.000126 0.000105 0.000301 0.000532 108 4
1715375678 0.000170 0.000095 0.000275 0.000540 116 4
1715375679 0.000137 0.000087 0.000119 0.000343 128 4
1715375680 0.000146 0.000087 0.000222 0.000455 116 4
1715375681 0.000129 0.000103 0.000234 0.000466 115 4
1715375682 0.000143 0.000088 0.000199 0.000430 121 4
1715375683 0.000136 0.000087 0.000139 0.000362 126 4
1715375684 0.000146 0.000089 0.000120 0.000355 130 4
1715375685 0.000156 0.000095 0.000262 0.000513 113 4
1715375686 0.000156 0.000090 0.000174 0.000420 122 4
1715375687 0.000145 0.000097 0.000110 0.000352 129 4
1715375688 0.000139 0.000089 0.000167 0.000395 125 4
1715375689 0.000140 0.000097 0.000190 0.000427 122 4
1715375690 0.000140 0.000089 0.000161 0.000390 123 4
1715375691 0.000162 0.000093 0.000310 0.000565 111 4
1715375692 0.000148 0.000088 0.000111 0.000347 129 4
1715375693 0.000129 0.000095 0.000569 0.000793 84 4
1715375694 0.000159 0.000082 0.000036 0.000277 140 4
1715375695 0.000150 0.000086 0.000103 0.000339 132 4
1715375696 0.000139 0.000092 0.000220 0.000451 120 4
1715375697 0.000150 0.000087 0.000054 0.000291 136 4
1715375698 0.000129 0.000102 0.000352 0.000583 102 4
1715375699 0.000172 0.000092 0.000253 0.000517 117 4
1715375700 0.000155 0.000103 0.000093 0.000351 132 4
1715375701 0.000147 0.000097 0.000205 0.000449 124 4
1715375702 0.000142 0.000095 0.000204 0.000441 119 4
1715375703 0.000159 0.000097 0.000279 0.000535 115 4
1715375704 0.000199 0.000131 0.000340 0.000670 109 4
1715375705 0.000139 0.000096 0.000197 0.000432 118 4
1715375706 0.000147 0.000095 0.000224 0.000466 116 4
1715375707 0.000160 0.000101 0.000427 0.000688 106 4
1715375708 0.000139 0.000090 0.000372 0.000601 102 4
1715375709 0.000139 0.000095 0.000165 0.000399 122 4
1715375710 0.000144 0.000088 0.000146 0.000378 125 4
1715375711 0.000147 0.000083 0.000111 0.000341 129 4
1715375712 0.000140 0.000092 0.000187 0.000419 121 4
1715375713 0.000143 0.000094 0.000257 0.000494 116 4
1715375714 0.000140 0.000088 0.000150 0.000378 124 4
1715375715 0.000154 0.000098 0.000400 0.000652 103 4
1715375716 0.000157 0.000088 0.000316 0.000561 107 4
1715375717 0.000139 0.000089 0.000077 0.000305 133 4
1715375718 0.000158 0.000093 0.000331 0.000582 115 4
1715375719 0.000156 0.000095 0.000330 0.000581 106 4
1715375720 0.000157 0.000099 0.000201 0.000457 118 4
1715375721 0.000142 0.000088 0.000184 0.000414 121 4
1715375722 0.000156 0.000088 0.000098 0.000342 131 4
1715375723 0.000147 0.000090 0.000075 0.000312 135 4
1715375724 0.000163 0.000099 0.000365 0.000627 100 4
1715375725 0.000142 0.000103 0.000153 0.000398 125 4
1715375726 0.000145 0.000087 0.000093 0.000325 133 4
1715375727 0.000140 0.000112 0.000266 0.000518 112 4
1715375728 0.000144 0.000116 0.000129 0.000389 130 4
1715375729 0.000138 0.000096 0.000580 0.000814 102 4
1715375730 0.000154 0.000092 0.000172 0.000418 124 4
1715375731 0.000187 0.000131 0.000336 0.000654 114 4
1715375732 0.000154 0.000082 0.000040 0.000276 139 4
1715375733 0.000133 0.000091 0.000269 0.000493 114 4
1715375734 0.000142 0.000096 0.000202 0.000440 122 4
1715375735 0.000152 0.000086 0.000206 0.000444 122 4
1715375736 0.000144 0.000087 0.000283 0.000514 113 4
1715375737 0.000150 0.000090 0.000289 0.000529 108 4
1715375738 0.000143 0.000090 0.000245 0.000478 113 4
1715375739 0.000151 0.000089 0.000159 0.000399 125 4
1715375740 0.000134 0.000099 0.000325 0.000558 108 4
1715375741 0.000143 0.000100 0.000065 0.000308 135 4
1715375742 0.000135 0.000106 0.000281 0.000522 113 4
1715375743 0.000130 0.000092 0.000293 0.000515 109 4
1715375744 0.000148 0.000088 0.000180 0.000416 120 4
1715375745 0.000138 0.000094 0.000582 0.000814 99 4
1715375746 0.000141 0.000097 0.000137 0.000375 126 4
1715375747 0.000136 0.000085 0.000180 0.000401 123 4
1715375748 0.000140 0.000086 0.000120 0.000346 130 4
1715375749 0.000146 0.000088 0.000233 0.000467 116 4
1715375750 0.000153 0.000107 0.000169 0.000429 125 4
1715375751 0.000144 0.000115 0.000203 0.000462 120 4
1715375752 0.000131 0.000089 0.000174 0.000394 123 4
1715375753 0.000158 0.000093 0.000372 0.000623 116 4
1715375754 0.000158 0.000099 0.000197 0.000454 123 4
1715375755 0.000149 0.000110 0.000151 0.000410 126 4
1715375756 0.000152 0.000094 0.000130 0.000376 128 4
1715375757 0.000137 0.000103 0.000360 0.000600 112 4
1715375758 0.000170 0.000095 0.000277 0.000542 112 4
1715375759 0.000208 0.000139 0.000188 0.000535 128 4
1715375760 0.000138 0.000089 0.000168 0.000395 124 4
1715375761 0.000135 0.000092 0.000312 0.000539 108 4
1715375762 0.000157 0.000090 0.000125 0.000372 131 4
1715375763 0.000143 0.000089 0.000284 0.000516 109 4
1715375764 0.000136 0.000094 0.000256 0.000486 116 4
1715375765 0.000142 0.000095 0.000549 0.000786 101 4
1715375766 0.000154 0.000094 0.000310 0.000558 113 4
1715375767 0.000147 0.000115 0.000152 0.000414 126 4
1715375768 0.000135 0.000088 0.000132 0.000355 126 4
1715375769 0.000147 0.000092 0.000224 0.000463 117 4
1715375770 0.000154 0.000087 0.000167 0.000408 123 4
1715375771 0.000144 0.000093 0.000191 0.000428 120 4
1715375772 0.000133 0.000115 0.000174 0.000422 122 4
1715375773 0.000141 0.000099 0.000338 0.000578 109 4
1715375774 0.000124 0.000095 0.000680 0.000899 88 4
1715375775 0.000162 0.000106 0.000158 0.000426 125 4
1715375776 0.000140 0.000091 0.000332 0.000563 107 4
1715375777 0.000150 0.000095 0.000140 0.000385 128 4
1715375778 0.000164 0.000089 0.000193 0.000446 119 4
1715375779 0.000145 0.000109 0.000366 0.000620 107 4
1715375780 0.000162 0.000096 0.000215 0.000473 119 4
1715375781 0.000154 0.000103 0.000081 0.000338 134 4
1715375782 0.000139 0.000089 0.000080 0.000308 134 4
1715375783 0.000166 0.000091 0.000247 0.000504 120 4
1715375784 0.000209 0.000128 0.000194 0.000531 126 4
1715375785 0.000135 0.000103 0.000196 0.000434 120 4
1715375786 0.000137 0.000088 0.000130 0.000355 129 4
1715375787 0.000147 0.000087 0.000195 0.000429 119 4
1715375788 0.000148 0.000087 0.000103 0.000338 130 4
1715375789 0.000158 0.000096 0.000295 0.000549 111 4
1715375790 0.000149 0.000090 0.000105 0.000344 130 4
1715375791 0.000141 0.000085 0.000242 0.000468 121 4
1715375792 0.000137 0.000082 0.000125 0.000344 127 4
1715375793 0.000143 0.000086 0.000054 0.000283 136 4
1715375794 0.000134 0.000098 0.000187 0.000419 123 4
1715375795 0.000161 0.000093 0.000216 0.000470 119 4
1715375796 0.000140 0.000096 0.000182 0.000418 122 4
1715375797 0.000137 0.000101 0.000116 0.000354 129 4
1715375798 0.000143 0.000095 0.000222 0.000460 116 4
1715375799 0.000150 0.000089 0.000300 0.000539 112 4
1715375800 0.000143 0.000090 0.000133 0.000366 126 4
1715375801 0.000150 0.000094 0.000252 0.000496 114 4
1715375802 0.000132 0.000091 0.000084 0.000307 134 4
1715375803 0.000141 0.000092 0.000286 0.000519 113 4
1715375804 0.000145 0.000083 0.000135 0.000363 127 4
1715375805 0.000149 0.000086 0.000164 0.000399 122 4
1715375806 0.000138 0.000105 0.000131 0.000374 128 4
1715375807 0.000148 0.000101 0.000315 0.000564 111 4
1715375808 0.000140 0.000093 0.000163 0.000396 123 4
1715375809 0.000143 0.000086 0.000192 0.000421 124 4
1715375810 0.000162 0.000096 0.000041 0.000299 139 4
1715375811 0.000143 0.000118 0.000712 0.000973 96 4
1715375812 0.000158 0.000095 0.000135 0.000388 128 4
1715375813 0.000196 0.000125 0.000475 0.000796 101 4
1715375814 0.000135 0.000092 0.000278 0.000505 118 4
1715375815 0.000139 0.000087 0.000104 0.000330 130 4
1715375816 0.000157 0.000087 0.000085 0.000329 132 4
1715375817 0.000143 0.000090 0.000208 0.000441 122 4
1715375818 0.000147 0.000091 0.000184 0.000422 122 4
1715375819 0.000133 0.000107 0.000242 0.000482 115 4
1715375820 0.000135 0.000093 0.000301 0.000529 106 4
1715375821 0.000141 0.000086 0.000136 0.000363 126 4
1715375822 0.000141 0.000098 0.000242 0.000481 114 4
1715375823 0.000155 0.000093 0.000172 0.000420 124 4
1715375824 0.000136 0.000088 0.000183 0.000407 122 4
1715375825 0.000146 0.000087 0.000257 0.000490 114 4
1715375826 0.000133 0.000100 0.000409 0.000642 98 4
1715375827 0.000137 0.000106 0.000563 0.000806 96 4
1715375828 0.000150 0.000092 0.000194 0.000436 123 4
1715375829 0.000157 0.000091 0.000271 0.000519 117 4
1715375830 0.000138 0.000092 0.000281 0.000511 109 4
1715375831 0.000141 0.000087 0.000207 0.000435 117 4
1715375832 0.000139 0.000095 0.001445 0.001679 85 4
1715375833 0.000156 0.000120 0.000175 0.000451 123 4
1715375834 0.000152 0.000093 0.000252 0.000497 115 4
1715375835 0.000157 0.000097 0.000186 0.000440 122 4
1715375836 0.000144 0.000088 0.000104 0.000336 132 4
1715375837 0.000154 0.000095 0.000348 0.000597 106 4
1715375838 0.000197 0.000123 0.000213 0.000533 123 4
1715375839 0.000145 0.000093 0.000465 0.000703 107 4
1715375840 0.000133 0.000093 0.000250 0.000476 116 4
1715375841 0.000137 0.000095 0.000151 0.000383 126 4
1715375842 0.000154 0.000095 0.000120 0.000369 130 4
1715375843 0.000118 0.000093 0.000199 0.000410 118 4
1715375844 0.000125 0.000109 0.000281 0.000515 110 4
1715375845 0.000159 0.000086 0.000127 0.000372 129 4
1715375846 0.000144 0.000095 0.000226 0.000465 118 4
1715375847 0.000140 0.000093 0.000390 0.000623 106 4
1715375848 0.000147 0.000101 0.000251 0.000499 122 4
1715375849 0.000135 0.000083 0.000179 0.000397 126 4
1715375850 0.000153 0.000110 0.000282 0.000545 114 4
1715375851 0.000133 0.000088 0.000192 0.000413 119 4
1715375852 0.000132 0.000090 0.000422 0.000644 103 4
1715375853 0.000148 0.000093 0.000197 0.000438 123 4
1715375854 0.000138 0.000099 0.000635 0.000872 86 4
1715375855 0.000150 0.000090 0.000138 0.000378 126 4
1715375856 0.000135 0.000089 0.000266 0.000490 121 4
1715375857 0.000138 0.000097 0.000304 0.000539 113 4
1715375858 0.000152 0.000107 0.000167 0.000426 126 4
1715375859 0.000140 0.000089 0.000103 0.000332 131 4
1715375860 0.000155 0.000093 0.000177 0.000425 124 4
1715375861 0.000155 0.000095 0.000108 0.000358 131 4
1715375862 0.000152 0.000097 0.000176 0.000425 124 4
1715375863 0.000146 0.000093 0.000173 0.000412 124 4
1715375864 0.000153 0.000095 0.000309 0.000557 115 4
1715375865 0.000200 0.000129 0.000447 0.000776 99 4
1715375866 0.000135 0.000089 0.000343 0.000567 108 4
1715375867 0.000142 0.000092 0.000338 0.000572 111 4
1715375868 0.000142 0.000098 0.000583 0.000823 95 4
1715375869 0.000140 0.000094 0.000280 0.000514 109 4
1715375870 0.000141 0.000089 0.000251 0.000481 114 4
1715375871 0.000158 0.000090 0.000345 0.000593 103 4
1715375872 0.000151 0.000089 0.000152 0.000392 124 4
1715375873 0.000154 0.000108 0.000179 0.000441 122 4
1715375874 0.000142 0.000104 0.000240 0.000486 115 4
1715375875 0.000138 0.000095 0.000384 0.000617 107 4
1715375876 0.000141 0.000096 0.000073 0.000310 134 4
1715375877 0.000147 0.000092 0.000477 0.000716 103 4
1715375878 0.000148 0.000108 0.000173 0.000429 124 4
1715375879 0.000135 0.000102 0.000562 0.000799 94 4
1715375880 0.000164 0.000094 0.000156 0.000414 123 4
1715375881 0.000146 0.000087 0.000206 0.000439 119 4
1715375882 0.000132 0.000115 0.000306 0.000553 108 4
1715375883 0.000147 0.000091 0.000329 0.000567 104 4
1715375884 0.000167 0.000088 0.000134 0.000389 127 4
1715375885 0.000124 0.000096 0.000266 0.000486 111 4
1715375886 0.000144 0.000092 0.000179 0.000415 124 4
1715375887 0.000137 0.000101 0.000532 0.000770 96 4
1715375888 0.000171 0.000097 0.000185 0.000453 124 4
1715375889 0.000142 0.000113 0.000256 0.000511 114 4
1715375890 0.000186 0.000156 0.000461 0.000803 97 4
1715375891 0.000123 0.000103 0.000434 0.000660 97 4
1715375892 0.000163 0.000091 0.000091 0.000345 132 4
1715375893 0.000143 0.000095 0.000036 0.000274 139 4
1715375894 0.000144 0.000093 0.000214 0.000451 118 4
1715375895 0.000127 0.000094 0.000461 0.000682 105 4
1715375896 0.000157 0.000077 0.000033 0.000267 140 4
1715375897 0.000142 0.000088 0.000219 0.000449 116 4
1715375898 0.000136 0.000101 0.000261 0.000498 116 4
1715375899 0.000145 0.000097 0.000664 0.000906 80 4
1715375900 0.000130 0.000088 0.000175 0.000393 123 4
1715375901 0.000141 0.000090 0.000136 0.000367 126 4
1715375902 0.000139 0.000090 0.000139 0.000368 126 4
1715375903 0.000166 0.000091 0.000296 0.000553 110 4
1715375904 0.000158 0.000095 0.000198 0.000451 122 4
1715375905 0.000157 0.000099 0.000202 0.000458 120 4
1715375906 0.000128 0.000114 0.000289 0.000531 111 4
1715375907 0.000134 0.000093 0.000255 0.000482 113 4
1715375908 0.000129 0.000089 0.000227 0.000445 118 4
1715375909 0.000149 0.000088 0.000169 0.000406 125 4
1715375910 0.000149 0.000092 0.000071 0.000312 135 4
1715375911 0.000155 0.000092 0.000174 0.000421 123 4
1715375912 0.000142 0.000090 0.000121 0.000353 132 4
1715375913 0.000158 0.000089 0.000068 0.000315 136 4
1715375914 0.000148 0.000099 0.000306 0.000553 116 4
1715375915 0.000158 0.000103 0.000158 0.000419 126 4
1715375916 0.000147 0.000101 0.000170 0.000418 126 4
1715375917 0.000135 0.000113 0.000349 0.000597 106 4
1715375918 0.000197 0.000124 0.000155 0.000476 133 4
1715375919 0.000136 0.000095 0.000172 0.000403 122 4
1715375920 0.000139 0.000088 0.000176 0.000403 122 4
1715375921 0.000156 0.000094 0.000276 0.000526 112 4
1715375922 0.000158 0.000099 0.000163 0.000420 125 4
1715375923 0.000131 0.000091 0.000246 0.000468 115 4
1715375924 0.000134 0.000096 0.000074 0.000304 136 4
1715375925 0.000130 0.000090 0.000162 0.000382 122 4
1715375926 0.000156 0.000082 0.000043 0.000281 138 4
1715375927 0.000146 0.000093 0.000260 0.000499 113 4
1715375928 0.000129 0.000099 0.000607 0.000835 79 4
1715375929 0.000128 0.000098 0.000511 0.000737 104 4
1715375930 0.000154 0.000102 0.000684 0.000940 91 4
1715375931 0.000135 0.000089 0.000170 0.000394 124 4
1715375932 0.000162 0.000092 0.000105 0.000359 131 4
1715375933 0.000135 0.000099 0.000149 0.000383 124 4
1715375934 0.000144 0.000091 0.000223 0.000458 117 4
1715375935 0.000141 0.000087 0.000162 0.000390 125 4
1715375936 0.000130 0.000094 0.000199 0.000423 119 4
1715375937 0.000135 0.000090 0.000210 0.000435 117 4
1715375938 0.000156 0.000101 0.000690 0.000947 97 4
1715375939 0.000144 0.000094 0.000117 0.000355 129 4
1715375940 0.000138 0.000113 0.000378 0.000629 101 4
1715375941 0.000148 0.000097 0.000462 0.000707 101 4
1715375942 0.000144 0.000103 0.000101 0.000348 131 4
1715375943 0.000155 0.000103 0.000247 0.000505 116 4
1715375944 0.000190 0.000130 0.000254 0.000574 119 4
1715375945 0.000126 0.000097 0.000194 0.000417 120 4
1715375946 0.000143 0.000115 0.000408 0.000666 98 4
1715375947 0.000145 0.000096 0.000186 0.000427 124 4
1715375948 0.000152 0.000124 0.000220 0.000496 121 4
1715375949 0.000142 0.000090 0.000168 0.000400 122 4
1715375950 0.000147 0.000087 0.000120 0.000354 130 4
1715375951 0.000151 0.000086 0.000101 0.000338 129 4
1715375952 0.000125 0.000096 0.000364 0.000585 99 4
1715375953 0.000155 0.000094 0.000190 0.000439 123 4
1715375954 0.000142 0.000123 0.000307 0.000572 112 4
1715375955 0.000155 0.000081 0.000141 0.000377 132 4
1715375956 0.000138 0.000092 0.000473 0.000703 94 4
1715375957 0.000142 0.000091 0.000799 0.001032 105 4
1715375958 0.000147 0.000088 0.000113 0.000348 129 4
1715375959 0.000155 0.000094 0.000249 0.000498 114 4
1715375960 0.000140 0.000089 0.000103 0.000332 129 4
1715375961 0.000148 0.000083 0.000106 0.000337 132 4
1715375962 0.000184 0.000094 0.000190 0.000468 119 4
1715375963 0.000163 0.000096 0.000230 0.000489 116 4
1715375964 0.000156 0.000103 0.000080 0.000339 132 4
1715375965 0.000136 0.000082 0.000120 0.000338 130 4
1715375966 0.000147 0.000100 0.000510 0.000757 95 4
1715375967 0.000143 0.000106 0.000155 0.000404 126 4
1715375968 0.000154 0.000100 0.000268 0.000522 117 4
1715375969 0.000156 0.000095 0.000092 0.000343 133 4
1715375970 0.000155 0.000096 0.000232 0.000483 117 4
1715375971 0.000216 0.000145 0.000404 0.000765 112 4
1715375972 0.000150 0.000097 0.000183 0.000430 120 4
1715375973 0.000138 0.000093 0.000270 0.000501 111 4
1715375974 0.000147 0.000098 0.000428 0.000673 107 4
1715375975 0.000158 0.000090 0.000188 0.000436 122 4
1715375976 0.000156 0.000086 0.000101 0.000343 130 4
1715375977 0.000121 0.000094 0.000329 0.000544 113 4
1715375978 0.000128 0.000098 0.000208 0.000434 117 4
1715375979 0.000141 0.000096 0.000257 0.000494 126 4
1715375980 0.000152 0.000089 0.000217 0.000458 118 4
1715375981 0.000134 0.000109 0.000425 0.000668 105 4
1715375982 0.000143 0.000090 0.000158 0.000391 124 4
1715375983 0.000131 0.000088 0.000076 0.000295 133 4
1715375984 0.000144 0.000094 0.000296 0.000534 108 4
1715375985 0.000155 0.000100 0.001243 0.001498 96 4
1715375986 0.000145 0.000099 0.000253 0.000497 112 4
1715375987 0.000130 0.000105 0.000214 0.000449 117 4
1715375988 0.000138 0.000086 0.000159 0.000383 125 4
1715375989 0.000147 0.000099 0.000286 0.000532 113 4
1715375990 0.000138 0.000088 0.000086 0.000312 132 4
1715375991 0.000142 0.000093 0.000132 0.000367 126 4
1715375992 0.000139 0.000107 0.000598 0.000844 100 4
1715375993 0.000148 0.000098 0.000327 0.000573 111 4
1715375994 0.000149 0.000090 0.000080 0.000319 133 4
1715375995 0.000157 0.000095 0.000321 0.000573 115 4
1715375996 0.000205 0.000149 0.000200 0.000554 125 4
1715375997 0.000144 0.000107 0.000258 0.000509 115 4
1715375998 0.000127 0.000106 0.000210 0.000443 118 4
1715375999 0.000148 0.000098 0.000241 0.000487 117 4
1715376000 0.000140 0.000100 0.000157 0.000397 126 4
1715376001 0.000142 0.000088 0.000187 0.000417 120 4
1715376002 0.000146 0.000101 0.000263 0.000510 113 4
1715376003 0.000150 0.000093 0.000153 0.000396 127 4
1715376004 0.000134 0.000093 0.000290 0.000517 107 4
1715376005 0.000174 0.000094 0.000183 0.000451 122 4
1715376006 0.000128 0.000087 0.000222 0.000437 117 4
1715376007 0.000134 0.000086 0.000288 0.000508 113 4
1715376008 0.000136 0.000086 0.000111 0.000333 130 4
1715376009 0.000141 0.000097 0.000232 0.000470 114 4
1715376010 0.000126 0.000096 0.000268 0.000490 112 4
1715376011 0.000157 0.000100 0.000370 0.000627 103 4
1715376012 0.000135 0.000099 0.000436 0.000670 114 4
1715376013 0.000138 0.000100 0.000137 0.000375 126 4
1715376014 0.000150 0.000093 0.000308 0.000551 108 4
1715376015 0.000150 0.000090 0.000150 0.000390 129 4
1715376016 0.000153 0.000094 0.000292 0.000539 126 4
1715376017 0.000160 0.000094 0.000071 0.000325 135 4
1715376018 0.000156 0.000095 0.000169 0.000420 126 4
1715376019 0.000143 0.000095 0.000201 0.000439 119 4
1715376020 0.000141 0.000095 0.000368 0.000604 103 4
1715376021 0.000136 0.000093 0.000383 0.000612 109 4
1715376022 0.000170 0.000093 0.000508 0.000771 106 4
1715376023 0.000188 0.000128 0.000371 0.000687 112 4
1715376024 0.000149 0.000098 0.000348 0.000595 112 4
1715376025 0.000146 0.000109 0.000318 0.000573 110 4
1715376026 0.000157 0.000113 0.000338 0.000608 104 4
1715376027 0.000154 0.000090 0.000168 0.000412 125 4
1715376028 0.000145 0.000100 0.000198 0.000443 122 4
1715376029 0.000146 0.000115 0.000167 0.000428 124 4
1715376030 0.000131 0.000090 0.000352 0.000573 102 4
1715376031 0.000155 0.000098 0.000283 0.000536 112 4
1715376032 0.000132 0.000085 0.000080 0.000297 132 4
1715376033 0.000141 0.000092 0.000387 0.000620 101 4
1715376034 0.000135 0.000092 0.000343 0.000570 110 4
1715376035 0.000139 0.000092 0.000496 0.000727 91 4
1715376036 0.000141 0.000109 0.000287 0.000537 114 4
1715376037 0.000126 0.000102 0.000251 0.000479 114 4
1715376038 0.000130 0.000089 0.000267 0.000486 117 4
1715376039 0.000138 0.000093 0.000503 0.000734 96 4
1715376040 0.000159 0.000091 0.000097 0.000347 133 4
1715376041 0.000145 0.000108 0.000132 0.000385 126 4
1715376042 0.000146 0.000102 0.000600 0.000848 90 4
1715376043 0.000166 0.000095 0.000126 0.000387 127 4
1715376044 0.000134 0.000098 0.000641 0.000873 101 4
1715376045 0.000145 0.000093 0.000141 0.000379 128 4
1715376046 0.000199 0.000137 0.000343 0.000679 112 4
1715376047 0.000160 0.000096 0.000099 0.000355 132 4
1715376048 0.000124 0.000091 0.000345 0.000560 108 4
1715376049 0.000139 0.000099 0.000222 0.000460 117 4
1715376050 0.000144 0.000097 0.000215 0.000456 121 4
1715376051 0.000141 0.000094 0.000310 0.000545 108 4
1715376052 0.000152 0.000091 0.000118 0.000361 129 4
1715376053 0.000131 0.000090 0.000139 0.000360 126 4
1715376054 0.000152 0.000094 0.000227 0.000473 119 4
1715376055 0.000145 0.000089 0.000197 0.000431 120 4
1715376056 0.000150 0.000111 0.000429 0.000690 113 4
1715376057 0.000144 0.000090 0.000155 0.000389 124 4
1715376058 0.000135 0.000100 0.000222 0.000457 120 4
1715376059 0.000134 0.000088 0.000129 0.000351 128 4
1715376060 0.000140 0.000090 0.000171 0.000401 121 4
1715376061 0.000134 0.000094 0.000278 0.000506 113 4
1715376062 0.000138 0.000098 0.000329 0.000565 109 4
1715376063 0.000132 0.000088 0.000177 0.000397 121 4
1715376064 0.000165 0.000085 0.000083 0.000333 134 4
1715376065 0.000129 0.000088 0.000218 0.000435 119 4
1715376066 0.000136 0.000089 0.000215 0.000440 120 4
1715376067 0.000146 0.000092 0.000323 0.000561 111 4
1715376068 0.000185 0.000087 0.000112 0.000384 129 4
1715376069 0.000139 0.000096 0.000184 0.000419 123 4
1715376070 0.000151 0.000107 0.000207 0.000465 121 4
1715376071 0.000153 0.000096 0.000170 0.000419 124 4
1715376072 0.000170 0.000096 0.000106 0.000372 133 4
1715376073 0.000145 0.000091 0.000139 0.000375 127 4
1715376074 0.000203 0.000132 0.000270 0.000605 117 4
1715376075 0.000150 0.000088 0.000095 0.000333 131 4
1715376076 0.000152 0.000083 0.000045 0.000280 138 4
1715376077 0.000143 0.000081 0.000103 0.000327 130 4
1715376078 0.000128 0.000102 0.000411 0.000641 101 4
1715376079 0.000153 0.000109 0.000200 0.000462 121 4
1715376080 0.000147 0.000087 0.000160 0.000394 127 4
1715376081 0.000331 0.000093 0.000175 0.000599 122 4
1715376082 0.000124 0.000091 0.000227 0.000442 121 4
1715376083 0.000129 0.000093 0.000371 0.000593 108 4
1715376084 0.000164 0.000090 0.000144 0.000398 130 4
1715376085 0.000152 0.000107 0.000203 0.000462 118 4
1715376086 0.000144 0.000096 0.000327 0.000567 112 4
1715376087 0.000133 0.000088 0.000152 0.000373 128 4
1715376088 0.000140 0.000091 0.000279 0.000510 109 4
1715376089 0.000147 0.000089 0.000362 0.000598 111 4
1715376090 0.000147 0.000094 0.000285 0.000526 112 4
1715376091 0.000130 0.000087 0.000164 0.000381 125 4
1715376092 0.000152 0.000084 0.000063 0.000299 135 4
1715376093 0.000139 0.000096 0.000220 0.000455 117 4
1715376094 0.000134 0.000083 0.000140 0.000357 127 4
1715376095 0.000131 0.000095 0.000140 0.000366 125 4
1715376096 0.000141 0.000103 0.000543 0.000787 88 4
1715376097 0.000165 0.000095 0.000186 0.000446 121 4
1715376098 0.000138 0.000098 0.000539 0.000775 99 4
1715376099 0.000145 0.000096 0.000488 0.000729 100 4
1715376100 0.000161 0.000098 0.000114 0.000373 129 4
1715376101 0.000180 0.000089 0.000092 0.000361 134 4
1715376102 0.000153 0.000094 0.000248 0.000495 116 4
1715376103 0.000206 0.000116 0.000139 0.000461 131 4
1715376104 0.000152 0.000085 0.000117 0.000354 131 4
1715376105 0.000127 0.000101 0.000591 0.000819 96 4
1715376106 0.000165 0.000086 0.000179 0.000430 123 4
1715376107 0.000145 0.000085 0.000130 0.000360 127 4
1715376108 0.000127 0.000093 0.000311 0.000531 114 4
1715376109 0.000138 0.000083 0.000079 0.000300 135 4
1715376110 0.000148 0.000094 0.000358 0.000600 104 4
1715376111 0.000146 0.000093 0.000239 0.000478 120 4
1715376112 0.000136 0.000114 0.000367 0.000617 108 4
1715376113 0.000132 0.000094 0.000289 0.000515 109 4
1715376114 0.000148 0.000084 0.000045 0.000277 138 4
1715376115 0.000143 0.000095 0.000296 0.000534 108 4
1715376116 0.000143 0.000092 0.000296 0.000531 116 4
1715376117 0.000144 0.000097 0.000360 0.000601 103 4
1715376118 0.000132 0.000092 0.000346 0.000570 105 4
1715376119 0.000141 0.000088 0.000209 0.000438 119 4
1715376120 0.000135 0.000090 0.000186 0.000411 122 4
1715376121 0.000149 0.000097 0.000653 0.000899 82 4
1715376122 0.000145 0.000093 0.000253 0.000491 116 4
1715376123 0.000159 0.000091 0.000113 0.000363 131 4
1715376124 0.000141 0.000103 0.000376 0.000620 107 4
1715376125 0.000140 0.000092 0.000263 0.000495 115 4
1715376126 0.000145 0.000089 0.000147 0.000381 129 4
1715376127 0.000155 0.000105 0.000258 0.000518 115 4
1715376128 0.000196 0.000143 0.000421 0.000760 103 4
1715376129 0.000155 0.000101 0.000252 0.000508 121 4
1715376130 0.000160 0.000089 0.000098 0.000347 133 4
1715376131 0.000149 0.000111 0.000319 0.000579 109 4
1715376132 0.000143 0.000121 0.000116 0.000380 130 4
1715376133 0.000146 0.000093 0.000192 0.000431 124 4
1715376134 0.000142 0.000090 0.000236 0.000468 117 4
1715376135 0.000154 0.000090 0.000235 0.000479 116 4
1715376136 0.000149 0.000084 0.000140 0.000373 127 4
1715376137 0.000141 0.000120 0.000134 0.000395 130 4
1715376138 0.000139 0.000096 0.000327 0.000562 105 4
1715376139 0.000127 0.000094 0.000356 0.000577 108 4
1715376140 0.000146 0.000103 0.000124 0.000373 128 4
1715376141 0.000135 0.000088 0.000149 0.000372 126 4
1715376142 0.000148 0.000097 0.000292 0.000537 122 4
1715376143 0.000147 0.000100 0.000327 0.000574 108 4
1715376144 0.000140 0.000083 0.000087 0.000310 133 4
1715376145 0.000140 0.000096 0.000585 0.000821 80 4
1715376146 0.000139 0.000089 0.000183 0.000411 125 4
1715376147 0.000156 0.000096 0.000316 0.000568 109 4
1715376148 0.000153 0.000098 0.000853 0.001104 94 4
1715376149 0.000149 0.000099 0.000600 0.000848 96 4
1715376150 0.000137 0.000104 0.000845 0.001086 85 4
1715376151 0.000145 0.000100 0.000678 0.000923 93 4
1715376152 0.000212 0.000123 0.000317 0.000652 114 4
1715376153 0.000143 0.000091 0.000196 0.000430 119 4
1715376154 0.000144 0.000086 0.000129 0.000359 127 4
1715376155 0.000139 0.000093 0.000164 0.000396 127 4
1715376156 0.000137 0.000116 0.000137 0.000390 126 4
1715376157 0.000148 0.000093 0.000231 0.000472 117 4
1715376158 0.000156 0.000097 0.000373 0.000626 105 4
1715376159 0.000133 0.000087 0.000099 0.000319 130 4
1715376160 0.000139 0.000102 0.000282 0.000523 110 4
1715376161 0.000171 0.000091 0.000175 0.000437 124 4
1715376162 0.000126 0.000096 0.000272 0.000494 111 4
