1715375164 0.000313 0.000211 0.000168 0.000692 133 4
1715375165 0.000216 0.000127 0.000168 0.000511 132 4
1715375166 0.000203 0.000128 0.000078 0.000409 138 4
1715375167 0.000231 0.000132 0.000157 0.000520 130 4
1715375168 0.000203 0.000137 0.000044 0.000384 140 4
1715375169 0.000199 0.000130 0.000106 0.000435 135 4
1715375170 0.000243 0.000130 0.000140 0.000513 133 4
1715375171 0.000194 0.000130 0.000177 0.000501 131 4
1715375172 0.000216 0.000126 0.000087 0.000429 138 4
1715375173 0.000210 0.000134 0.000249 0.000593 125 4
1715375174 0.000200 0.000151 0.000090 0.000441 136 4
1715375175 0.000189 0.000139 0.000102 0.000430 135 4
1715375176 0.000212 0.000145 0.000092 0.000449 135 4
1715375177 0.000202 0.000118 0.000036 0.000356 142 4
1715375178 0.000214 0.000122 0.000196 0.000532 134 4
1715375179 0.000198 0.000124 0.000186 0.000508 131 4
1715375180 0.000225 0.000124 0.000045 0.000394 140 4
1715375181 0.000264 0.000123 0.000043 0.000430 140 4
1715375182 0.000204 0.000130 0.000039 0.000373 140 4
1715375183 0.000225 0.000139 0.000058 0.000422 139 4
1715375184 0.000214 0.000121 0.000095 0.000430 136 4
1715375185 0.000232 0.000147 0.000083 0.000462 137 4
1715375186 0.000205 0.000122 0.000060 0.000387 139 4
1715375187 0.000205 0.000127 0.000049 0.000381 140 4
1715375188 0.000208 0.000153 0.000210 0.000571 126 4
1715375189 0.000206 0.000132 0.000044 0.000382 140 4
1715375190 0.000221 0.000132 0.000090 0.000443 136 4
1715375191 0.000204 0.000145 0.000122 0.000471 137 4
1715375192 0.000220 0.000125 0.000166 0.000511 133 4
1715375193 0.000222 0.000121 0.000103 0.000446 136 4
1715375194 0.000195 0.000128 0.000120 0.000443 133 4
1715375195 0.000224 0.000125 0.000012 0.000361 143 4
1715375196 0.000211 0.000145 0.000115 0.000471 135 4
1715375197 0.000207 0.000149 0.000067 0.000423 138 4
1715375198 0.000203 0.000139 0.000072 0.000414 138 4
1715375199 0.000201 0.000128 0.000111 0.000440 135 4
1715375200 0.000224 0.000147 0.000089 0.000460 137 4
1715375201 0.000131 0.000087 0.000093 0.000311 134 4
1715375202 0.000136 0.000079 0.000032 0.000247 140 4
1715375203 0.000146 0.000095 0.000043 0.000284 138 4
1715375204 0.000162 0.000082 0.000018 0.000262 142 4
1715375205 0.000157 0.000084 0.000083 0.000324 133 4
1715375206 0.000148 0.000080 0.000024 0.000252 141 4
1715375207 0.000159 0.000100 0.000009 0.000268 143 4
1715375208 0.000145 0.000101 0.000096 0.000342 133 4
1715375209 0.000153 0.000090 0.000098 0.000341 132 4
1715375210 0.000149 0.000093 0.000002 0.000244 144 4
1715375211 0.000160 0.000083 0.000009 0.000252 143 4
1715375212 0.000148 0.000096 0.000020 0.000264 141 4
1715375213 0.000159 0.000091 0.000028 0.000278 141 4
1715375214 0.000156 0.000094 0.000091 0.000341 133 4
1715375215 0.000147 0.000091 0.000081 0.000319 135 4
1715375216 0.000179 0.000083 0.000024 0.000286 141 4
1715375217 0.000158 0.000092 0.000083 0.000333 135 4
1715375218 0.000142 0.000100 0.000070 0.000312 135 4
1715375219 0.000170 0.000087 0.000071 0.000328 137 4
1715375220 0.000148 0.000080 0.000036 0.000264 139 4
1715375221 0.000163 0.000081 0.000031 0.000275 140 4
1715375222 0.000144 0.000092 0.000073 0.000309 135 4
1715375223 0.000169 0.000092 0.000021 0.000282 141 4
1715375224 0.000153 0.000087 0.000042 0.000282 141 4
1715375225 0.000159 0.000083 0.000024 0.000266 141 4
1715375226 0.000147 0.000103 0.000110 0.000360 131 4
1715375227 0.000148 0.000084 0.000014 0.000246 142 4
1715375228 0.000154 0.000084 0.000050 0.000288 138 4
1715375229 0.000160 0.000082 0.000018 0.000260 142 4
1715375230 0.000156 0.000084 0.000024 0.000264 141 4
1715375231 0.000144 0.000084 0.000049 0.000277 138 4
1715375232 0.000158 0.000089 0.000030 0.000277 140 4
1715375233 0.000150 0.000086 0.000182 0.000418 123 4
1715375234 0.000141 0.000089 0.000161 0.000391 129 4
1715375235 0.000146 0.000086 0.000046 0.000278 138 4
1715375236 0.000140 0.000090 0.000066 0.000296 137 4
1715375237 0.000162 0.000087 0.000187 0.000436 124 4
1715375238 0.000141 0.000094 0.000178 0.000413 125 4
1715375239 0.000159 0.000081 0.000062 0.000302 138 4
1715375240 0.000139 0.000102 0.000108 0.000349 134 4
1715375241 0.000157 0.000080 0.000026 0.000263 141 4
1715375242 0.000145 0.000104 0.000188 0.000437 122 4
1715375243 0.000147 0.000088 0.000055 0.000290 137 4
1715375244 0.000153 0.000088 0.000147 0.000388 130 4
1715375245 0.000167 0.000088 0.000024 0.000279 141 4
1715375246 0.000159 0.000089 0.000197 0.000445 124 4
1715375247 0.000144 0.000085 0.000097 0.000326 132 4
1715375248 0.000159 0.000078 0.000048 0.000285 139 4
1715375249 0.000153 0.000087 0.000120 0.000360 130 4
1715375250 0.000170 0.000100 0.000009 0.000279 143 4
1715375251 0.000147 0.000086 0.000078 0.000311 136 4
1715375252 0.000135 0.000095 0.000216 0.000446 120 4
1715375253 0.000178 0.000089 0.000020 0.000287 141 4
1715375254 0.000148 0.000098 0.000071 0.000317 136 4
1715375255 0.000147 0.000084 0.000085 0.000316 134 4
1715375256 0.000155 0.000088 0.000089 0.000332 132 4
1715375257 0.000145 0.000087 0.000083 0.000315 133 4
1715375258 0.000166 0.000082 0.000086 0.000334 134 4
1715375259 0.000162 0.000096 0.000072 0.000330 135 4
1715375260 0.000142 0.000094 0.000137 0.000373 127 4
1715375261 0.000152 0.000101 0.000085 0.000338 134 4
1715375262 0.000154 0.000078 0.000040 0.000272 140 4
1715375263 0.000143 0.000083 0.000032 0.000258 140 4
1715375264 0.000150 0.000087 0.000035 0.000272 140 4
1715375265 0.000149 0.000079 0.000026 0.000254 141 4
1715375266 0.000173 0.000082 0.000064 0.000319 136 4
1715375267 0.000147 0.000081 0.000024 0.000252 141 4
1715375268 0.000155 0.000089 0.000046 0.000290 138 4
1715375269 0.000143 0.000094 0.000107 0.000344 131 4
1715375270 0.000149 0.000083 0.000060 0.000292 136 4
1715375271 0.000149 0.000094 0.000081 0.000324 134 4
1715375272 0.000148 0.000099 0.000064 0.000311 137 4
1715375273 0.000155 0.000079 0.000033 0.000267 140 4
1715375274 0.000152 0.000084 0.000143 0.000379 128 4
1715375275 0.000149 0.000083 0.000037 0.000269 140 4
1715375276 0.000146 0.000100 0.000117 0.000363 131 4
1715375277 0.000148 0.000082 0.000058 0.000288 137 4
1715375278 0.000164 0.000087 0.000100 0.000351 132 4
1715375279 0.000146 0.000100 0.000009 0.000255 143 4
1715375280 0.000138 0.000084 0.000042 0.000264 138 4
1715375281 0.000146 0.000097 0.000046 0.000289 138 4
1715375282 0.000166 0.000082 0.000034 0.000282 140 4
1715375283 0.000164 0.000097 0.000008 0.000269 143 4
1715375284 0.000141 0.000082 0.000130 0.000353 128 4
1715375285 0.000152 0.000098 0.000096 0.000346 131 4
1715375286 0.000158 0.000090 0.000045 0.000293 139 4
1715375287 0.000146 0.000079 0.000045 0.000270 138 4
1715375288 0.000157 0.000081 0.000036 0.000274 139 4
1715375289 0.000148 0.000086 0.000068 0.000302 135 4
1715375290 0.000168 0.000089 0.000034 0.000291 140 4
1715375291 0.000141 0.000081 0.000053 0.000275 139 4
1715375292 0.000156 0.000082 0.000032 0.000270 140 4
1715375293 0.000147 0.000088 0.000093 0.000328 134 4
1715375294 0.000153 0.000099 0.000039 0.000291 139 4
1715375295 0.000160 0.000084 0.000046 0.000290 138 4
1715375296 0.000143 0.000085 0.000065 0.000293 136 4
1715375297 0.000164 0.000095 0.000225 0.000484 120 4
1715375298 0.000158 0.000087 0.000040 0.000285 139 4
1715375299 0.000158 0.000082 0.000109 0.000349 132 4
1715375300 0.000149 0.000097 0.000086 0.000332 133 4
1715375301 0.000146 0.000096 0.000117 0.000359 132 4
1715375302 0.000145 0.000085 0.000052 0.000282 138 4
1715375303 0.000166 0.000080 0.000129 0.000375 131 4
1715375304 0.000145 0.000097 0.000073 0.000315 135 4
1715375305 0.000146 0.000083 0.000061 0.000290 137 4
1715375306 0.000162 0.000087 0.000052 0.000301 138 4
1715375307 0.000151 0.000088 0.000098 0.000337 134 4
1715375308 0.000147 0.000083 0.000135 0.000365 128 4
1715375309 0.000163 0.000089 0.000062 0.000314 136 4
1715375310 0.000145 0.000088 0.000083 0.000316 134 4
1715375311 0.000163 0.000083 0.000095 0.000341 134 4
1715375312 0.000147 0.000093 0.000008 0.000248 143 4
1715375313 0.000160 0.000086 0.000042 0.000288 139 4
1715375314 0.000148 0.000097 0.000099 0.000344 135 4
1715375315 0.000156 0.000079 0.000110 0.000345 133 4
1715375316 0.000160 0.000090 0.000077 0.000327 135 4
1715375317 0.000144 0.000088 0.000188 0.000420 124 4
1715375318 0.000146 0.000089 0.000078 0.000313 135 4
1715375319 0.000169 0.000084 0.000028 0.000281 141 4
1715375320 0.000142 0.000081 0.000055 0.000278 138 4
1715375321 0.000150 0.000091 0.000061 0.000302 136 4
1715375322 0.000160 0.000083 0.000023 0.000266 141 4
1715375323 0.000158 0.000093 0.000213 0.000464 122 4
1715375324 0.000141 0.000087 0.000033 0.000261 140 4
1715375325 0.000139 0.000088 0.000308 0.000535 117 4
1715375326 0.000149 0.000092 0.000059 0.000300 138 4
1715375327 0.000167 0.000087 0.000286 0.000540 119 4
1715375328 0.000145 0.000086 0.000037 0.000268 139 4
1715375329 0.000143 0.000099 0.000061 0.000303 136 4
1715375330 0.000147 0.000083 0.000027 0.000257 141 4
1715375331 0.000162 0.000084 0.000027 0.000273 140 4
1715375332 0.000156 0.000096 0.000078 0.000330 134 4
1715375333 0.000154 0.000081 0.000042 0.000277 139 4
1715375334 0.000151 0.000086 0.000099 0.000336 134 4
1715375335 0.000146 0.000084 0.000021 0.000251 142 4
1715375336 0.000158 0.000100 0.000101 0.000359 134 4
1715375337 0.000145 0.000087 0.000133 0.000365 132 4
1715375338 0.000161 0.000083 0.000008 0.000252 143 4
1715375339 0.000158 0.000089 0.000118 0.000365 132 4
1715375340 0.000149 0.000077 0.000029 0.000255 141 4
1715375341 0.000160 0.000085 0.000026 0.000271 141 4
1715375342 0.000145 0.000085 0.000083 0.000313 134 4
1715375343 0.000153 0.000089 0.000001 0.000243 144 4
1715375344 0.000151 0.000085 0.000088 0.000324 135 4
1715375345 0.000157 0.000083 0.000111 0.000351 131 4
1715375346 0.000152 0.000099 0.000077 0.000328 134 4
1715375347 0.000146 0.000103 0.000060 0.000309 137 4
1715375348 0.000165 0.000081 0.000054 0.000300 137 4
1715375349 0.000144 0.000095 0.000155 0.000394 127 4
1715375350 0.000148 0.000081 0.000051 0.000280 138 4
1715375351 0.000154 0.000091 0.000078 0.000323 134 4
1715375352 0.000158 0.000089 0.000043 0.000290 138 4
1715375353 0.000148 0.000095 0.000133 0.000376 128 4
1715375354 0.000157 0.000085 0.000040 0.000282 139 4
1715375355 0.000155 0.000083 0.000055 0.000293 137 4
1715375356 0.000163 0.000086 0.000059 0.000308 136 4
1715375357 0.000142 0.000086 0.000050 0.000278 140 4
1715375358 0.000156 0.000098 0.000036 0.000290 139 4
1715375359 0.000149 0.000084 0.000053 0.000286 138 4
1715375360 0.000160 0.000079 0.000011 0.000250 143 4
1715375361 0.000151 0.000097 0.000086 0.000334 134 4
1715375362 0.000148 0.000084 0.000036 0.000268 139 4
1715375363 0.000156 0.000089 0.000104 0.000349 132 4
1715375364 0.000162 0.000085 0.000074 0.000321 136 4
1715375365 0.000147 0.000091 0.000155 0.000393 125 4
1715375366 0.000158 0.000084 0.000036 0.000278 139 4
1715375367 0.000146 0.000090 0.000179 0.000415 125 4
1715375368 0.000160 0.000082 0.000014 0.000256 143 4
1715375369 0.000162 0.000102 0.000046 0.000310 138 4
1715375370 0.000147 0.000084 0.000072 0.000303 135 4
1715375371 0.000178 0.000083 0.000015 0.000276 142 4
1715375372 0.000149 0.000081 0.000121 0.000351 130 4
1715375373 0.000142 0.000086 0.000072 0.000300 134 4
1715375374 0.000160 0.000085 0.000098 0.000343 132 4
1715375375 0.000143 0.000090 0.000229 0.000462 120 4
1715375376 0.000155 0.000088 0.000108 0.000351 130 4
1715375377 0.000154 0.000088 0.000053 0.000295 137 4
1715375378 0.000140 0.000094 0.000113 0.000347 132 4
1715375379 0.000159 0.000080 0.000032 0.000271 140 4
1715375380 0.000153 0.000089 0.000024 0.000266 141 4
1715375381 0.000149 0.000084 0.000116 0.000349 132 4
1715375382 0.000157 0.000083 0.000067 0.000307 136 4
1715375383 0.000146 0.000085 0.000071 0.000302 135 4
1715375384 0.000152 0.000086 0.000014 0.000252 142 4
1715375385 0.000155 0.000086 0.000040 0.000281 140 4
1715375386 0.000151 0.000084 0.000036 0.000271 140 4
1715375387 0.000145 0.000095 0.000037 0.000277 139 4
1715375388 0.000163 0.000090 0.000109 0.000362 131 4
1715375389 0.000154 0.000081 0.000023 0.000258 141 4
1715375390 0.000151 0.000083 0.000046 0.000280 138 4
1715375391 0.000153 0.000084 0.000057 0.000294 137 4
1715375392 0.000139 0.000090 0.000135 0.000364 128 4
1715375393 0.000170 0.000097 0.000217 0.000484 119 4
1715375394 0.000147 0.000082 0.000046 0.000275 139 4
1715375395 0.000147 0.000090 0.000036 0.000273 139 4
1715375396 0.000144 0.000083 0.000101 0.000328 131 4
1715375397 0.000161 0.000086 0.000043 0.000290 138 4
1715375398 0.000147 0.000093 0.000135 0.000375 129 4
1715375399 0.000145 0.000100 0.000099 0.000344 132 4
1715375400 0.000191 0.000140 0.000077 0.000408 136 4
1715375401 0.000161 0.000101 0.000037 0.000299 140 4
1715375402 0.000151 0.000086 0.000113 0.000350 133 4
1715375403 0.000150 0.000097 0.000150 0.000397 127 4
1715375404 0.000149 0.000081 0.000024 0.000254 141 4
1715375405 0.000178 0.000089 0.000057 0.000324 137 4
1715375406 0.000145 0.000083 0.000095 0.000323 134 4
1715375407 0.000141 0.000086 0.000081 0.000308 135 4
1715375408 0.000145 0.000077 0.000047 0.000269 138 4
1715375409 0.000145 0.000095 0.000077 0.000317 133 4
1715375410 0.000143 0.000082 0.000081 0.000306 133 4
1715375411 0.000134 0.000091 0.000050 0.000275 137 4
1715375412 0.000131 0.000095 0.000070 0.000296 134 4
1715375413 0.000163 0.000076 0.000034 0.000273 139 4
1715375414 0.000133 0.000088 0.000202 0.000423 123 4
1715375415 0.000137 0.000079 0.000072 0.000288 134 4
1715375416 0.000147 0.000083 0.000071 0.000301 134 4
1715375417 0.000142 0.000079 0.000108 0.000329 133 4
1715375418 0.000133 0.000079 0.000082 0.000294 133 4
1715375419 0.000149 0.000079 0.000036 0.000264 139 4
1715375420 0.000133 0.000077 0.000055 0.000265 137 4
1715375421 0.000141 0.000088 0.000292 0.000521 117 4
1715375422 0.000154 0.000094 0.000118 0.000366 132 4
1715375423 0.000139 0.000088 0.000021 0.000248 142 4
1715375424 0.000135 0.000075 0.000040 0.000250 139 4
1715375425 0.000131 0.000108 0.000162 0.000401 125 4
1715375426 0.000134 0.000092 0.000037 0.000263 139 4
1715375427 0.000140 0.000079 0.000060 0.000279 136 4
1715375428 0.000138 0.000093 0.000106 0.000337 132 4
1715375429 0.000144 0.000079 0.000008 0.000231 143 4
1715375430 0.000157 0.000078 0.000027 0.000262 140 4
1715375431 0.000138 0.000085 0.000019 0.000242 141 4
1715375432 0.000143 0.000081 0.000074 0.000298 134 4
1715375433 0.000136 0.000090 0.000016 0.000242 142 4
1715375434 0.000152 0.000076 0.000043 0.000271 139 4
1715375435 0.000136 0.000080 0.000096 0.000312 133 4
1715375436 0.000131 0.000083 0.000054 0.000268 136 4
1715375437 0.000157 0.000077 0.000037 0.000271 139 4
1715375438 0.000146 0.000088 0.000128 0.000362 130 4
1715375439 0.000133 0.000081 0.000061 0.000275 135 4
1715375440 0.000145 0.000085 0.000134 0.000364 128 4
1715375441 0.000136 0.000080 0.000070 0.000286 135 4
1715375442 0.000159 0.000079 0.000031 0.000269 141 4
1715375443 0.000134 0.000084 0.000154 0.000372 125 4
1715375444 0.000134 0.000087 0.000027 0.000248 140 4
1715375445 0.000142 0.000090 0.000039 0.000271 139 4
1715375446 0.000144 0.000085 0.000100 0.000329 133 4
1715375447 0.000149 0.000088 0.000010 0.000247 143 4
1715375448 0.000140 0.000088 0.000024 0.000252 141 4
1715375449 0.000140 0.000074 0.000001 0.000215 144 4
1715375450 0.000145 0.000088 0.000107 0.000340 132 4
1715375451 0.000139 0.000080 0.000091 0.000310 133 4
1715375452 0.000149 0.000083 0.000044 0.000276 138 4
1715375453 0.000133 0.000086 0.000140 0.000359 130 4
1715375454 0.000146 0.000110 0.000028 0.000284 140 4
1715375455 0.000148 0.000079 0.000019 0.000246 142 4
1715375456 0.000141 0.000082 0.000033 0.000256 140 4
1715375457 0.000148 0.000085 0.000074 0.000307 133 4
1715375458 0.000144 0.000078 0.000050 0.000272 138 4
1715375459 0.000143 0.000080 0.000042 0.000265 139 4
1715375460 0.000134 0.000093 0.000086 0.000313 132 4
1715375461 0.000137 0.000073 0.000071 0.000281 135 4
1715375462 0.000155 0.000084 0.000052 0.000291 137 4
1715375463 0.000138 0.000080 0.000013 0.000231 142 4
1715375464 0.000156 0.000080 0.000046 0.000282 138 4
1715375465 0.000139 0.000082 0.000007 0.000228 143 4
1715375466 0.000156 0.000103 0.000133 0.000392 129 4
1715375467 0.000152 0.000082 0.000024 0.000258 140 4
1715375468 0.000138 0.000081 0.000037 0.000256 139 4
1715375469 0.000152 0.000077 0.000022 0.000251 141 4
1715375470 0.000133 0.000086 0.000042 0.000261 138 4
1715375471 0.000160 0.000081 0.000072 0.000313 135 4
1715375472 0.000134 0.000092 0.000073 0.000299 134 4
1715375473 0.000135 0.000077 0.000101 0.000313 131 4
1715375474 0.000161 0.000080 0.000043 0.000284 138 4
1715375475 0.000131 0.000096 0.000354 0.000581 108 4
1715375476 0.000137 0.000105 0.000030 0.000272 140 4
1715375477 0.000135 0.000082 0.000077 0.000294 134 4
1715375478 0.000145 0.000075 0.000099 0.000319 133 4
1715375479 0.000156 0.000078 0.000047 0.000281 138 4
1715375480 0.000146 0.000080 0.000063 0.000289 136 4
1715375481 0.000137 0.000086 0.000058 0.000281 136 4
1715375482 0.000132 0.000076 0.000029 0.000237 140 4
1715375483 0.000157 0.000078 0.000071 0.000306 135 4
1715375484 0.000137 0.000078 0.000007 0.000222 143 4
1715375485 0.000148 0.000079 0.000037 0.000264 139 4
1715375486 0.000130 0.000090 0.000147 0.000367 126 4
1715375487 0.000140 0.000105 0.000138 0.000383 125 4
1715375488 0.000151 0.000095 0.000079 0.000325 134 4
1715375489 0.000135 0.000084 0.000038 0.000257 140 4
1715375490 0.000134 0.000076 0.000007 0.000217 143 4
1715375491 0.000143 0.000098 0.000186 0.000427 119 4
1715375492 0.000138 0.000082 0.000035 0.000255 139 4
1715375493 0.000142 0.000084 0.000045 0.000271 137 4
1715375494 0.000136 0.000081 0.000045 0.000262 139 4
1715375495 0.000145 0.000078 0.000028 0.000251 140 4
1715375496 0.000136 0.000092 0.000053 0.000281 137 4
1715375497 0.000134 0.000074 0.000076 0.000284 135 4
1715375498 0.000150 0.000091 0.000039 0.000280 139 4
1715375499 0.000141 0.000086 0.000122 0.000349 130 4
1715375500 0.000135 0.000079 0.000033 0.000247 140 4
1715375501 0.000134 0.000092 0.000102 0.000328 130 4
1715375502 0.000139 0.000088 0.000016 0.000243 142 4
1715375503 0.000156 0.000090 0.000019 0.000265 141 4
1715375504 0.000133 0.000081 0.000036 0.000250 139 4
1715375505 0.000143 0.000082 0.000081 0.000306 133 4
1715375506 0.000135 0.000083 0.000190 0.000408 123 4
1715375507 0.000145 0.000085 0.000059 0.000289 136 4
1715375508 0.000148 0.000075 0.000008 0.000231 143 4
1715375509 0.000126 0.000100 0.000109 0.000335 133 4
1715375510 0.000135 0.000081 0.000071 0.000287 133 4
1715375511 0.000156 0.000077 0.000013 0.000246 142 4
1715375512 0.000133 0.000082 0.000053 0.000268 136 4
1715375513 0.000158 0.000077 0.000008 0.000243 143 4
1715375514 0.000136 0.000077 0.000071 0.000284 135 4
1715375515 0.000144 0.000075 0.000040 0.000259 139 4
1715375516 0.000145 0.000077 0.000007 0.000229 143 4
1715375517 0.000147 0.000075 0.000009 0.000231 143 4
1715375518 0.000134 0.000087 0.000139 0.000360 127 4
1715375519 0.000131 0.000076 0.000007 0.000214 143 4
1715375520 0.000158 0.000091 0.000016 0.000265 142 4
1715375521 0.000139 0.000082 0.000051 0.000272 138 4
1715375522 0.000144 0.000083 0.000064 0.000291 136 4
1715375523 0.000135 0.000091 0.000059 0.000285 137 4
1715375524 0.000133 0.000088 0.000143 0.000364 127 4
1715375525 0.000147 0.000082 0.000081 0.000310 133 4
1715375526 0.000136 0.000080 0.000022 0.000238 141 4
1715375527 0.000143 0.000080 0.000049 0.000272 137 4
1715375528 0.000138 0.000077 0.000104 0.000319 131 4
1715375529 0.000140 0.000075 0.000022 0.000237 141 4
1715375530 0.000148 0.000074 0.000011 0.000233 143 4
1715375531 0.000142 0.000093 0.000021 0.000256 141 4
1715375532 0.000163 0.000075 0.000063 0.000301 136 4
1715375533 0.000132 0.000085 0.000033 0.000250 139 4
1715375534 0.000142 0.000084 0.000092 0.000318 132 4
1715375535 0.000133 0.000088 0.000002 0.000223 144 4
1715375536 0.000145 0.000080 0.000013 0.000238 142 4
1715375537 0.000131 0.000089 0.000120 0.000340 131 4
1715375538 0.000142 0.000082 0.000064 0.000288 135 4
1715375539 0.000141 0.000081 0.000203 0.000425 123 4
1715375540 0.000156 0.000079 0.000001 0.000236 144 4
1715375541 0.000135 0.000082 0.000076 0.000293 133 4
1715375542 0.000142 0.000092 0.000013 0.000247 142 4
1715375543 0.000134 0.000077 0.000037 0.000248 139 4
1715375544 0.000147 0.000084 0.000234 0.000465 121 4
1715375545 0.000143 0.000090 0.000007 0.000240 143 4
1715375546 0.000139 0.000080 0.000065 0.000284 135 4
1715375547 0.000142 0.000084 0.000076 0.000302 133 4
1715375548 0.000150 0.000089 0.000016 0.000255 142 4
1715375549 0.000132 0.000081 0.000108 0.000321 129 4
1715375550 0.000142 0.000079 0.000022 0.000243 141 4
1715375551 0.000177 0.000086 0.000030 0.000293 140 4
1715375552 0.000151 0.000077 0.000058 0.000286 136 4
1715375553 0.000137 0.000093 0.000036 0.000266 140 4
1715375554 0.000133 0.000086 0.000076 0.000295 133 4
1715375555 0.000149 0.000078 0.000041 0.000268 139 4
1715375556 0.000143 0.000081 0.000056 0.000280 136 4
1715375557 0.000155 0.000083 0.000121 0.000359 129 4
1715375558 0.000138 0.000089 0.000045 0.000272 138 4
1715375559 0.000139 0.000077 0.000025 0.000241 141 4
1715375560 0.000153 0.000078 0.000045 0.000276 138 4
1715375561 0.000134 0.000078 0.000007 0.000219 143 4
1715375562 0.000146 0.000084 0.000170 0.000400 124 4
1715375563 0.000131 0.000094 0.000173 0.000398 124 4
1715375564 0.000148 0.000073 0.000030 0.000251 140 4
1715375565 0.000145 0.000083 0.000060 0.000288 136 4
1715375566 0.000130 0.000086 0.000182 0.000398 130 4
1715375567 0.000139 0.000079 0.000016 0.000234 142 4
1715375568 0.000156 0.000085 0.000050 0.000291 138 4
1715375569 0.000135 0.000077 0.000028 0.000240 140 4
1715375570 0.000141 0.000082 0.000115 0.000338 129 4
1715375571 0.000140 0.000078 0.000028 0.000246 140 4
1715375572 0.000150 0.000085 0.000077 0.000312 133 4
1715375573 0.000138 0.000080 0.000061 0.000279 136 4
1715375574 0.000140 0.000091 0.000107 0.000338 131 4
1715375575 0.000132 0.000083 0.000058 0.000273 136 4
1715375576 0.000143 0.000088 0.000013 0.000244 142 4
1715375577 0.000128 0.000083 0.000072 0.000283 134 4
1715375578 0.000146 0.000091 0.000076 0.000313 134 4
1715375579 0.000136 0.000082 0.000022 0.000240 141 4
1715375580 0.000148 0.000082 0.000013 0.000243 142 4
1715375581 0.000143 0.000083 0.000104 0.000330 131 4
1715375582 0.000135 0.000082 0.000050 0.000267 137 4
1715375583 0.000137 0.000080 0.000058 0.000275 136 4
1715375584 0.000133 0.000078 0.000142 0.000353 128 4
1715375585 0.000143 0.000094 0.000067 0.000304 135 4
1715375586 0.000148 0.000078 0.000051 0.000277 137 4
1715375587 0.000134 0.000090 0.000079 0.000303 134 4
1715375588 0.000146 0.000080 0.000019 0.000245 141 4
1715375589 0.000134 0.000077 0.000035 0.000246 139 4
1715375590 0.000142 0.000080 0.000035 0.000257 139 4
1715375591 0.000135 0.000080 0.000038 0.000253 141 4
1715375592 0.000134 0.000079 0.000125 0.000338 131 4
1715375593 0.000156 0.000076 0.000038 0.000270 139 4
1715375594 0.000128 0.000077 0.000032 0.000237 140 4
1715375595 0.000148 0.000075 0.000001 0.000224 144 4
1715375596 0.000141 0.000093 0.000105 0.000339 131 4
1715375597 0.000143 0.000090 0.000048 0.000281 137 4
1715375598 0.000134 0.000087 0.000021 0.000242 141 4
1715375599 0.000134 0.000080 0.000087 0.000301 134 4
1715375600 0.000198 0.000077 0.000096 0.000371 134 4
1715375601 0.000137 0.000078 0.000081 0.000296 134 4
1715375602 0.000132 0.000075 0.000028 0.000235 140 4
1715375603 0.000135 0.000090 0.000108 0.000333 129 4
1715375604 0.000136 0.000081 0.000046 0.000263 137 4
1715375605 0.000153 0.000078 0.000016 0.000247 142 4
1715375606 0.000134 0.000077 0.000026 0.000237 141 4
1715375607 0.000140 0.000090 0.000088 0.000318 133 4
1715375608 0.000134 0.000097 0.000084 0.000315 133 4
1715375609 0.000145 0.000083 0.000075 0.000303 135 4
1715375610 0.000146 0.000080 0.000111 0.000337 131 4
1715375611 0.000128 0.000085 0.000224 0.000437 125 4
1715375612 0.000133 0.000077 0.000052 0.000262 137 4
1715375613 0.000151 0.000081 0.000062 0.000294 135 4
1715375614 0.000136 0.000083 0.000007 0.000226 143 4
1715375615 0.000136 0.000078 0.000077 0.000291 134 4
1715375616 0.000145 0.000079 0.000092 0.000316 133 4
1715375617 0.000132 0.000097 0.000178 0.000407 126 4
1715375618 0.000132 0.000084 0.000070 0.000286 134 4
1715375619 0.000141 0.000079 0.000080 0.000300 132 4
1715375620 0.000136 0.000083 0.000044 0.000263 138 4
1715375621 0.000155 0.000076 0.000030 0.000261 140 4
1715375622 0.000137 0.000076 0.000064 0.000277 137 4
1715375623 0.000135 0.000072 0.000022 0.000229 141 4
1715375624 0.000133 0.000100 0.000070 0.000303 134 4
1715375625 0.000136 0.000090 0.000014 0.000240 142 4
1715375626 0.000138 0.000083 0.000107 0.000328 129 4
1715375627 0.000140 0.000080 0.000081 0.000301 135 4
1715375628 0.000141 0.000077 0.000044 0.000262 140 4
1715375629 0.000142 0.000092 0.000075 0.000309 133 4
1715375630 0.000141 0.000077 0.000025 0.000243 140 4
1715375631 0.000143 0.000078 0.000053 0.000274 137 4
1715375632 0.000135 0.000078 0.000140 0.000353 132 4
1715375633 0.000137 0.000079 0.000027 0.000243 140 4
1715375634 0.000142 0.000090 0.000049 0.000281 137 4
1715375635 0.000135 0.000079 0.000076 0.000290 133 4
1715375636 0.000147 0.000084 0.000125 0.000356 128 4
1715375637 0.000136 0.000088 0.000021 0.000245 141 4
1715375638 0.000143 0.000085 0.000144 0.000372 127 4
1715375639 0.000142 0.000102 0.000081 0.000325 133 4
1715375640 0.000135 0.000080 0.000063 0.000278 136 4
1715375641 0.000135 0.000077 0.000064 0.000276 136 4
1715375642 0.000154 0.000082 0.000033 0.000269 139 4
1715375643 0.000134 0.000077 0.000080 0.000291 134 4
1715375644 0.000144 0.000080 0.000035 0.000259 139 4
1715375645 0.000128 0.000078 0.000133 0.000339 128 4
1715375646 0.000145 0.000087 0.000167 0.000399 123 4
1715375647 0.000139 0.000104 0.000071 0.000314 135 4
1715375648 0.000147 0.000079 0.000093 0.000319 133 4
1715375649 0.000134 0.000073 0.000047 0.000254 138 4
1715375650 0.000156 0.000089 0.000013 0.000258 142 4
1715375651 0.000135 0.000079 0.000007 0.000221 143 4
1715375652 0.000136 0.000083 0.000136 0.000355 127 4
1715375653 0.000146 0.000082 0.000051 0.000279 139 4
1715375654 0.000144 0.000073 0.000001 0.000218 144 4
1715375655 0.000135 0.000090 0.000119 0.000344 129 4
1715375656 0.000137 0.000088 0.000068 0.000293 134 4
1715375657 0.000145 0.000075 0.000066 0.000286 136 4
1715375658 0.000143 0.000078 0.000046 0.000267 139 4
1715375659 0.000135 0.000076 0.000042 0.000253 139 4
1715375660 0.000146 0.000089 0.000094 0.000329 132 4
1715375661 0.000134 0.000080 0.000031 0.000245 140 4
1715375662 0.000151 0.000079 0.000022 0.000252 141 4
1715375663 0.000151 0.000078 0.000031 0.000260 140 4
1715375664 0.000144 0.000077 0.000008 0.000229 143 4
1715375665 0.000137 0.000082 0.000039 0.000258 138 4
1715375666 0.000127 0.000085 0.000077 0.000289 133 4
1715375667 0.000152 0.000078 0.000033 0.000263 139 4
1715375668 0.000137 0.000078 0.000008 0.000223 143 4
1715375669 0.000145 0.000078 0.000027 0.000250 140 4
1715375670 0.000148 0.000076 0.000023 0.000247 141 4
1715375671 0.000141 0.000082 0.000084 0.000307 132 4
1715375672 0.000135 0.000092 0.000057 0.000284 136 4
1715375673 0.000145 0.000084 0.000016 0.000245 142 4
1715375674 0.000131 0.000078 0.000073 0.000282 135 4
1715375675 0.000146 0.000084 0.000073 0.000303 134 4
1715375676 0.000145 0.000078 0.000019 0.000242 141 4
1715375677 0.000135 0.000080 0.000108 0.000323 133 4
1715375678 0.000143 0.000083 0.000171 0.000397 124 4
1715375679 0.000148 0.000081 0.000075 0.000304 135 4
1715375680 0.000143 0.000081 0.000146 0.000370 126 4
1715375681 0.000130 0.000082 0.000095 0.000307 132 4
1715375682 0.000140 0.000076 0.000035 0.000251 139 4
1715375683 0.000146 0.000082 0.000051 0.000279 137 4
1715375684 0.000144 0.000081 0.000016 0.000241 142 4
1715375685 0.000132 0.000086 0.000106 0.000324 132 4
1715375686 0.000129 0.000082 0.000125 0.000336 128 4
1715375687 0.000155 0.000073 0.000030 0.000258 140 4
1715375688 0.000132 0.000081 0.000023 0.000236 141 4
1715375689 0.000145 0.000079 0.000055 0.000279 137 4
1715375690 0.000132 0.000085 0.000082 0.000299 135 4
1715375691 0.000140 0.000082 0.000074 0.000296 134 4
1715375692 0.000143 0.000076 0.000047 0.000266 138 4
1715375693 0.000137 0.000084 0.000069 0.000290 134 4
1715375694 0.000145 0.000079 0.000001 0.000225 144 4
1715375695 0.000163 0.000081 0.000011 0.000255 143 4
1715375696 0.000139 0.000081 0.000064 0.000284 135 4
1715375697 0.000139 0.000075 0.000032 0.000246 141 4
1715375698 0.000129 0.000083 0.000078 0.000290 133 4
1715375699 0.000144 0.000079 0.000100 0.000323 130 4
1715375700 0.000138 0.000079 0.000062 0.000279 136 4
1715375701 0.000144 0.000084 0.000029 0.000257 140 4
1715375702 0.000137 0.000080 0.000106 0.000323 131 4
1715375703 0.000139 0.000082 0.000083 0.000304 134 4
1715375704 0.000143 0.000083 0.000151 0.000377 127 4
1715375705 0.000132 0.000092 0.000191 0.000415 126 4
1715375706 0.000143 0.000084 0.000086 0.000313 133 4
1715375707 0.000144 0.000082 0.000033 0.000259 140 4
1715375708 0.000128 0.000093 0.000110 0.000331 129 4
1715375709 0.000139 0.000085 0.000027 0.000251 140 4
1715375710 0.000139 0.000083 0.000061 0.000283 136 4
1715375711 0.000135 0.000077 0.000047 0.000259 137 4
1715375712 0.000143 0.000078 0.000022 0.000243 141 4
1715375713 0.000133 0.000084 0.000097 0.000314 133 4
1715375714 0.000134 0.000077 0.000096 0.000307 131 4
1715375715 0.000139 0.000094 0.000076 0.000309 134 4
1715375716 0.000143 0.000078 0.000069 0.000290 136 4
1715375717 0.000136 0.000079 0.000035 0.000250 139 4
1715375718 0.000132 0.000090 0.000099 0.000321 133 4
1715375719 0.000129 0.000094 0.000078 0.000301 134 4
1715375720 0.000141 0.000081 0.000092 0.000314 132 4
1715375721 0.000134 0.000085 0.000056 0.000275 136 4
1715375722 0.000141 0.000078 0.000031 0.000250 140 4
1715375723 0.000147 0.000077 0.000001 0.000225 144 4
1715375724 0.000144 0.000084 0.000135 0.000363 126 4
1715375725 0.000141 0.000077 0.000030 0.000248 140 4
1715375726 0.000141 0.000087 0.000001 0.000229 144 4
1715375727 0.000138 0.000079 0.000025 0.000242 141 4
1715375728 0.000141 0.000075 0.000037 0.000253 140 4
1715375729 0.000135 0.000080 0.000095 0.000310 131 4
1715375730 0.000158 0.000082 0.000052 0.000292 138 4
1715375731 0.000135 0.000087 0.000106 0.000328 131 4
1715375732 0.000153 0.000081 0.000013 0.000247 142 4
1715375733 0.000134 0.000082 0.000063 0.000279 137 4
1715375734 0.000134 0.000081 0.000073 0.000288 134 4
1715375735 0.000143 0.000075 0.000072 0.000290 135 4
1715375736 0.000146 0.000081 0.000092 0.000319 134 4
1715375737 0.000140 0.000093 0.000052 0.000285 137 4
1715375738 0.000134 0.000090 0.000107 0.000331 131 4
1715375739 0.000133 0.000080 0.000054 0.000267 137 4
1715375740 0.000153 0.000080 0.000109 0.000342 130 4
1715375741 0.000133 0.000077 0.000054 0.000264 138 4
1715375742 0.000134 0.000084 0.000074 0.000292 135 4
1715375743 0.000145 0.000079 0.000093 0.000317 131 4
1715375744 0.000141 0.000079 0.000019 0.000239 141 4
1715375745 0.000140 0.000083 0.000173 0.000396 125 4
1715375746 0.000145 0.000078 0.000067 0.000290 135 4
1715375747 0.000134 0.000079 0.000054 0.000267 139 4
1715375748 0.000147 0.000082 0.000059 0.000288 136 4
1715375749 0.000136 0.000083 0.000095 0.000314 134 4
1715375750 0.000131 0.000076 0.000019 0.000226 141 4
1715375751 0.000148 0.000075 0.000051 0.000274 138 4
1715375752 0.000141 0.000085 0.000056 0.000282 136 4
1715375753 0.000144 0.000076 0.000052 0.000272 137 4
1715375754 0.000131 0.000086 0.000055 0.000272 137 4
1715375755 0.000133 0.000087 0.000051 0.000271 137 4
1715375756 0.000148 0.000090 0.000018 0.000256 141 4
1715375757 0.000128 0.000084 0.000081 0.000293 134 4
1715375758 0.000142 0.000081 0.000050 0.000273 139 4
1715375759 0.000132 0.000088 0.000048 0.000268 138 4
1715375760 0.000150 0.000078 0.000083 0.000311 133 4
1715375761 0.000138 0.000075 0.000061 0.000274 138 4
1715375762 0.000132 0.000079 0.000017 0.000228 142 4
1715375763 0.000142 0.000082 0.000129 0.000353 127 4
1715375764 0.000142 0.000077 0.000040 0.000259 139 4
1715375765 0.000148 0.000084 0.000140 0.000372 128 4
1715375766 0.000149 0.000079 0.000028 0.000256 140 4
1715375767 0.000137 0.000076 0.000035 0.000248 140 4
1715375768 0.000155 0.000075 0.000030 0.000260 140 4
1715375769 0.000136 0.000076 0.000057 0.000269 138 4
1715375770 0.000142 0.000084 0.000048 0.000274 137 4
1715375771 0.000137 0.000081 0.000074 0.000292 135 4
1715375772 0.000130 0.000082 0.000078 0.000290 133 4
1715375773 0.000153 0.000081 0.000030 0.000264 140 4
1715375774 0.000134 0.000077 0.000056 0.000267 136 4
1715375775 0.000148 0.000075 0.000034 0.000257 139 4
1715375776 0.000129 0.000085 0.000111 0.000325 131 4
1715375777 0.000146 0.000117 0.000031 0.000294 140 4
1715375778 0.000133 0.000094 0.000096 0.000323 130 4
1715375779 0.000135 0.000078 0.000044 0.000257 138 4
1715375780 0.000144 0.000089 0.000054 0.000287 137 4
1715375781 0.000145 0.000081 0.000024 0.000250 140 4
1715375782 0.000144 0.000075 0.000016 0.000235 142 4
1715375783 0.000135 0.000078 0.000075 0.000288 135 4
1715375784 0.000136 0.000076 0.000028 0.000240 141 4
1715375785 0.000155 0.000081 0.000066 0.000302 135 4
1715375786 0.000135 0.000077 0.000046 0.000258 138 4
1715375787 0.000140 0.000080 0.000082 0.000302 132 4
1715375788 0.000131 0.000078 0.000027 0.000236 140 4
1715375789 0.000152 0.000087 0.000067 0.000306 135 4
1715375790 0.000133 0.000089 0.000013 0.000235 142 4
1715375791 0.000141 0.000078 0.000039 0.000258 139 4
1715375792 0.000143 0.000076 0.000032 0.000251 140 4
1715375793 0.000158 0.000078 0.000015 0.000251 142 4
1715375794 0.000143 0.000077 0.000149 0.000369 131 4
1715375795 0.000135 0.000081 0.000052 0.000268 139 4
1715375796 0.000132 0.000077 0.000053 0.000262 137 4
1715375797 0.000153 0.000079 0.000019 0.000251 141 4
1715375798 0.000137 0.000082 0.000051 0.000270 137 4
1715375799 0.000145 0.000076 0.000086 0.000307 136 4
1715375800 0.000136 0.000080 0.000028 0.000244 140 4
1715375801 0.000150 0.000078 0.000092 0.000320 131 4
1715375802 0.000130 0.000118 0.000013 0.000261 142 4
1715375803 0.000134 0.000082 0.000152 0.000368 127 4
1715375804 0.000141 0.000077 0.000060 0.000278 136 4
1715375805 0.000146 0.000075 0.000097 0.000318 132 4
1715375806 0.000130 0.000085 0.000121 0.000336 129 4
1715375807 0.000147 0.000083 0.000019 0.000249 141 4
1715375808 0.000131 0.000079 0.000027 0.000237 140 4
1715375809 0.000150 0.000087 0.000033 0.000270 140 4
1715375810 0.000139 0.000079 0.000024 0.000242 141 4
1715375811 0.000130 0.000087 0.000095 0.000312 132 4
1715375812 0.000142 0.000076 0.000074 0.000292 135 4
1715375813 0.000136 0.000079 0.000117 0.000332 132 4
1715375814 0.000150 0.000081 0.000045 0.000276 138 4
1715375815 0.000136 0.000073 0.000070 0.000279 136 4
1715375816 0.000132 0.000080 0.000044 0.000256 137 4
1715375817 0.000156 0.000076 0.000081 0.000313 135 4
1715375818 0.000137 0.000075 0.000018 0.000230 142 4
1715375819 0.000146 0.000083 0.000021 0.000250 141 4
1715375820 0.000130 0.000084 0.000108 0.000322 130 4
1715375821 0.000134 0.000075 0.000018 0.000227 141 4
1715375822 0.000146 0.000084 0.000025 0.000255 141 4
1715375823 0.000136 0.000080 0.000036 0.000252 139 4
1715375824 0.000143 0.000076 0.000046 0.000265 138 4
1715375825 0.000144 0.000077 0.000052 0.000273 137 4
1715375826 0.000142 0.000087 0.000131 0.000360 128 4
1715375827 0.000134 0.000081 0.000161 0.000376 125 4
1715375828 0.000136 0.000078 0.000055 0.000269 136 4
1715375829 0.000141 0.000083 0.000064 0.000288 135 4
1715375830 0.000149 0.000079 0.000079 0.000307 135 4
1715375831 0.000131 0.000078 0.000061 0.000270 136 4
1715375832 0.000142 0.000080 0.000064 0.000286 135 4
1715375833 0.000133 0.000079 0.000008 0.000220 143 4
1715375834 0.000147 0.000080 0.000053 0.000280 136 4
1715375835 0.000136 0.000092 0.000019 0.000247 142 4
1715375836 0.000145 0.000077 0.000019 0.000241 141 4
1715375837 0.000141 0.000073 0.000010 0.000224 143 4
1715375838 0.000145 0.000077 0.000104 0.000326 130 4
1715375839 0.000144 0.000087 0.000224 0.000455 123 4
1715375840 0.000137 0.000084 0.000015 0.000236 142 4
1715375841 0.000136 0.000076 0.000070 0.000282 135 4
1715375842 0.000166 0.000080 0.000042 0.000288 139 4
1715375843 0.000141 0.000079 0.000067 0.000287 135 4
1715375844 0.000146 0.000084 0.000072 0.000302 135 4
1715375845 0.000135 0.000078 0.000080 0.000293 136 4
1715375846 0.000139 0.000088 0.000047 0.000274 138 4
1715375847 0.000143 0.000080 0.000084 0.000307 133 4
1715375848 0.000133 0.000083 0.000046 0.000262 138 4
1715375849 0.000147 0.000077 0.000036 0.000260 139 4
1715375850 0.000133 0.000084 0.000177 0.000394 123 4
1715375851 0.000153 0.000079 0.000041 0.000273 139 4
1715375852 0.000144 0.000087 0.000101 0.000332 131 4
1715375853 0.000136 0.000075 0.000062 0.000273 137 4
1715375854 0.000143 0.000082 0.000056 0.000281 136 4
1715375855 0.000144 0.000078 0.000050 0.000272 137 4
1715375856 0.000133 0.000091 0.000098 0.000322 131 4
1715375857 0.000153 0.000084 0.000048 0.000285 137 4
1715375858 0.000140 0.000091 0.000047 0.000278 137 4
1715375859 0.000136 0.000074 0.000060 0.000270 137 4
1715375860 0.000147 0.000078 0.000050 0.000275 137 4
1715375861 0.000134 0.000078 0.000075 0.000287 136 4
1715375862 0.000143 0.000075 0.000008 0.000226 143 4
1715375863 0.000144 0.000081 0.000029 0.000254 140 4
1715375864 0.000144 0.000081 0.000103 0.000328 131 4
1715375865 0.000149 0.000088 0.000085 0.000322 133 4
1715375866 0.000143 0.000076 0.000078 0.000297 136 4
1715375867 0.000144 0.000081 0.000066 0.000291 136 4
1715375868 0.000127 0.000097 0.000088 0.000312 132 4
1715375869 0.000135 0.000077 0.000038 0.000250 139 4
1715375870 0.000152 0.000078 0.000057 0.000287 136 4
1715375871 0.000139 0.000091 0.000114 0.000344 131 4
1715375872 0.000141 0.000074 0.000018 0.000233 142 4
1715375873 0.000134 0.000092 0.000110 0.000336 129 4
1715375874 0.000127 0.000081 0.000058 0.000266 136 4
1715375875 0.000160 0.000078 0.000147 0.000385 128 4
1715375876 0.000134 0.000083 0.000050 0.000267 138 4
1715375877 0.000138 0.000080 0.000071 0.000289 135 4
1715375878 0.000142 0.000091 0.000042 0.000275 139 4
1715375879 0.000160 0.000081 0.000039 0.000280 139 4
1715375880 0.000144 0.000083 0.000055 0.000282 137 4
1715375881 0.000131 0.000081 0.000047 0.000259 139 4
1715375882 0.000131 0.000086 0.000156 0.000373 125 4
1715375883 0.000155 0.000083 0.000053 0.000291 137 4
1715375884 0.000127 0.000085 0.000091 0.000303 134 4
1715375885 0.000127 0.000087 0.000109 0.000323 129 4
1715375886 0.000160 0.000082 0.000017 0.000259 142 4
1715375887 0.000155 0.000086 0.000094 0.000335 133 4
1715375888 0.000159 0.000087 0.000030 0.000276 140 4
1715375889 0.000132 0.000100 0.000130 0.000362 128 4
1715375890 0.000136 0.000083 0.000035 0.000254 139 4
1715375891 0.000148 0.000086 0.000065 0.000299 134 4
1715375892 0.000137 0.000076 0.000020 0.000233 142 4
1715375893 0.000142 0.000076 0.000007 0.000225 143 4
1715375894 0.000135 0.000086 0.000079 0.000300 134 4
1715375895 0.000140 0.000082 0.000092 0.000314 132 4
1715375896 0.000147 0.000078 0.000002 0.000227 144 4
1715375897 0.000145 0.000077 0.000022 0.000244 141 4
1715375898 0.000154 0.000083 0.000020 0.000257 141 4
1715375899 0.000150 0.000082 0.000105 0.000337 131 4
1715375900 0.000153 0.000099 0.000094 0.000346 133 4
1715375901 0.000136 0.000093 0.000045 0.000274 138 4
1715375902 0.000130 0.000085 0.000054 0.000269 136 4
1715375903 0.000151 0.000078 0.000082 0.000311 133 4
1715375904 0.000133 0.000084 0.000151 0.000368 127 4
1715375905 0.000134 0.000073 0.000068 0.000275 135 4
1715375906 0.000152 0.000092 0.000282 0.000526 115 4
1715375907 0.000142 0.000082 0.000085 0.000309 133 4
1715375908 0.000158 0.000082 0.000014 0.000254 142 4
1715375909 0.000143 0.000075 0.000046 0.000264 138 4
1715375910 0.000137 0.000075 0.000026 0.000238 141 4
1715375911 0.000139 0.000080 0.000100 0.000319 131 4
1715375912 0.000146 0.000082 0.000058 0.000286 138 4
1715375913 0.000141 0.000075 0.000016 0.000232 142 4
1715375914 0.000159 0.000083 0.000092 0.000334 133 4
1715375915 0.000138 0.000086 0.000140 0.000364 129 4
1715375916 0.000158 0.000086 0.000032 0.000276 140 4
1715375917 0.000135 0.000084 0.000045 0.000264 138 4
1715375918 0.000138 0.000081 0.000008 0.000227 143 4
1715375919 0.000146 0.000077 0.000008 0.000231 143 4
1715375920 0.000139 0.000079 0.000039 0.000257 138 4
1715375921 0.000157 0.000091 0.000102 0.000350 132 4
1715375922 0.000141 0.000083 0.000058 0.000282 136 4
1715375923 0.000135 0.000078 0.000028 0.000241 140 4
1715375924 0.000145 0.000087 0.000001 0.000233 144 4
1715375925 0.000147 0.000082 0.000019 0.000248 141 4
1715375926 0.000137 0.000086 0.000036 0.000259 139 4
1715375927 0.000132 0.000084 0.000060 0.000276 136 4
1715375928 0.000166 0.000091 0.000169 0.000426 124 4
1715375929 0.000148 0.000081 0.000043 0.000272 140 4
1715375930 0.000146 0.000083 0.000040 0.000269 139 4
1715375931 0.000139 0.000091 0.000085 0.000315 133 4
1715375932 0.000144 0.000075 0.000001 0.000220 144 4
1715375933 0.000141 0.000095 0.000073 0.000309 134 4
1715375934 0.000135 0.000082 0.000067 0.000284 135 4
1715375935 0.000150 0.000081 0.000090 0.000321 133 4
1715375936 0.000153 0.000081 0.000045 0.000279 138 4
1715375937 0.000142 0.000083 0.000047 0.000272 138 4
1715375938 0.000190 0.000086 0.000132 0.000408 130 4
1715375939 0.000136 0.000080 0.000027 0.000243 142 4
1715375940 0.000144 0.000083 0.000115 0.000342 129 4
1715375941 0.000147 0.000087 0.000184 0.000418 126 4
1715375942 0.000132 0.000094 0.000068 0.000294 134 4
1715375943 0.000138 0.000098 0.000039 0.000275 139 4
1715375944 0.000160 0.000088 0.000145 0.000393 128 4
1715375945 0.000138 0.000089 0.000128 0.000355 129 4
1715375946 0.000148 0.000088 0.000096 0.000332 132 4
1715375947 0.000143 0.000076 0.000044 0.000263 138 4
1715375948 0.000143 0.000104 0.000098 0.000345 134 4
1715375949 0.000134 0.000078 0.000055 0.000267 136 4
1715375950 0.000143 0.000078 0.000058 0.000279 137 4
1715375951 0.000133 0.000075 0.000036 0.000244 139 4
1715375952 0.000159 0.000089 0.000113 0.000361 130 4
1715375953 0.000136 0.000079 0.000016 0.000231 142 4
1715375954 0.000143 0.000093 0.000067 0.000303 135 4
1715375955 0.000139 0.000088 0.000112 0.000339 136 4
1715375956 0.000131 0.000082 0.000115 0.000328 130 4
1715375957 0.000149 0.000083 0.000056 0.000288 136 4
1715375958 0.000132 0.000086 0.000013 0.000231 142 4
1715375959 0.000135 0.000079 0.000076 0.000290 134 4
1715375960 0.000154 0.000083 0.000098 0.000335 131 4
1715375961 0.000142 0.000082 0.000019 0.000243 141 4
1715375962 0.000145 0.000075 0.000039 0.000259 138 4
1715375963 0.000138 0.000080 0.000060 0.000278 138 4
1715375964 0.000134 0.000076 0.000070 0.000280 136 4
1715375965 0.000144 0.000101 0.000051 0.000296 137 4
1715375966 0.000134 0.000079 0.000067 0.000280 135 4
1715375967 0.000143 0.000076 0.000013 0.000232 142 4
1715375968 0.000146 0.000085 0.000041 0.000272 139 4
1715375969 0.000156 0.000077 0.000080 0.000313 135 4
1715375970 0.000139 0.000080 0.000053 0.000272 138 4
1715375971 0.000134 0.000080 0.000039 0.000253 138 4
1715375972 0.000143 0.000078 0.000013 0.000234 143 4
1715375973 0.000146 0.000076 0.000078 0.000300 135 4
1715375974 0.000137 0.000079 0.000112 0.000328 130 4
1715375975 0.000141 0.000076 0.000066 0.000283 137 4
1715375976 0.000134 0.000096 0.000049 0.000279 138 4
1715375977 0.000158 0.000079 0.000051 0.000288 137 4
1715375978 0.000154 0.000075 0.000039 0.000268 138 4
1715375979 0.000146 0.000084 0.000016 0.000246 142 4
1715375980 0.000139 0.000082 0.000104 0.000325 131 4
1715375981 0.000152 0.000087 0.000129 0.000368 127 4
1715375982 0.000141 0.000080 0.000111 0.000332 129 4
1715375983 0.000132 0.000075 0.000045 0.000252 138 4
1715375984 0.000139 0.000078 0.000097 0.000314 132 4
1715375985 0.000193 0.000084 0.000121 0.000398 128 4
1715375986 0.000136 0.000091 0.000053 0.000280 137 4
1715375987 0.000140 0.000084 0.000041 0.000265 138 4
1715375988 0.000132 0.000074 0.000031 0.000237 141 4
1715375989 0.000148 0.000075 0.000047 0.000270 138 4
1715375990 0.000133 0.000090 0.000044 0.000267 138 4
1715375991 0.000134 0.000078 0.000091 0.000303 132 4
1715375992 0.000141 0.000084 0.000231 0.000456 123 4
1715375993 0.000145 0.000087 0.000212 0.000444 121 4
1715375994 0.000136 0.000092 0.000058 0.000286 136 4
1715375995 0.000136 0.000073 0.000019 0.000228 142 4
1715375996 0.000145 0.000076 0.000015 0.000236 142 4
1715375997 0.000134 0.000108 0.000155 0.000397 127 4
1715375998 0.000133 0.000082 0.000041 0.000256 138 4
1715375999 0.000132 0.000092 0.000090 0.000314 132 4
1715376000 0.000137 0.000080 0.000040 0.000257 139 4
1715376001 0.000155 0.000080 0.000081 0.000316 133 4
1715376002 0.000135 0.000090 0.000151 0.000376 126 4
1715376003 0.000134 0.000077 0.000025 0.000236 141 4
1715376004 0.000144 0.000085 0.000158 0.000387 123 4
1715376005 0.000130 0.000081 0.000055 0.000266 138 4
1715376006 0.000141 0.000081 0.000090 0.000312 131 4
1715376007 0.000145 0.000095 0.000156 0.000396 127 4
1715376008 0.000134 0.000076 0.000080 0.000290 135 4
1715376009 0.000134 0.000091 0.000062 0.000287 135 4
1715376010 0.000153 0.000079 0.000019 0.000251 141 4
1715376011 0.000135 0.000083 0.000074 0.000292 135 4
1715376012 0.000156 0.000082 0.000080 0.000318 133 4
1715376013 0.000133 0.000079 0.000058 0.000270 137 4
1715376014 0.000145 0.000084 0.000119 0.000348 129 4
1715376015 0.000144 0.000076 0.000036 0.000256 139 4
1715376016 0.000130 0.000079 0.000008 0.000217 143 4
1715376017 0.000146 0.000078 0.000019 0.000243 141 4
1715376018 0.000142 0.000091 0.000051 0.000284 137 4
1715376019 0.000144 0.000085 0.000056 0.000285 135 4
1715376020 0.000137 0.000086 0.000061 0.000284 136 4
1715376021 0.000126 0.000078 0.000155 0.000359 126 4
1715376022 0.000152 0.000080 0.000070 0.000302 136 4
1715376023 0.000134 0.000093 0.000013 0.000240 142 4
1715376024 0.000130 0.000099 0.000157 0.000386 125 4
1715376025 0.000144 0.000091 0.000074 0.000309 134 4
1715376026 0.000146 0.000084 0.000065 0.000295 136 4
1715376027 0.000135 0.000075 0.000023 0.000233 141 4
1715376028 0.000139 0.000095 0.000078 0.000312 134 4
1715376029 0.000133 0.000092 0.000019 0.000244 141 4
1715376030 0.000156 0.000083 0.000022 0.000261 141 4
1715376031 0.000131 0.000102 0.000118 0.000351 128 4
1715376032 0.000135 0.000077 0.000068 0.000280 135 4
1715376033 0.000132 0.000088 0.000064 0.000284 136 4
1715376034 0.000131 0.000091 0.000084 0.000306 134 4
1715376035 0.000137 0.000081 0.000123 0.000341 127 4
1715376036 0.000131 0.000091 0.000090 0.000312 133 4
1715376037 0.000137 0.000081 0.000019 0.000237 141 4
1715376038 0.000157 0.000077 0.000039 0.000273 139 4
1715376039 0.000133 0.000077 0.000069 0.000279 137 4
1715376040 0.000141 0.000094 0.000039 0.000274 139 4
1715376041 0.000138 0.000080 0.000050 0.000268 139 4
1715376042 0.000127 0.000081 0.000078 0.000286 133 4
1715376043 0.000157 0.000074 0.000023 0.000254 141 4
1715376044 0.000134 0.000083 0.000038 0.000255 139 4
1715376045 0.000154 0.000078 0.000050 0.000282 137 4
1715376046 0.000135 0.000082 0.000033 0.000250 139 4
1715376047 0.000151 0.000079 0.000019 0.000249 141 4
1715376048 0.000131 0.000087 0.000030 0.000248 140 4
1715376049 0.000142 0.000085 0.000033 0.000260 140 4
1715376050 0.000133 0.000076 0.000063 0.000272 137 4
1715376051 0.000148 0.000097 0.000033 0.000278 139 4
1715376052 0.000143 0.000082 0.000083 0.000308 133 4
1715376053 0.000143 0.000081 0.000024 0.000248 141 4
1715376054 0.000141 0.000079 0.000035 0.000255 139 4
1715376055 0.000146 0.000081 0.000036 0.000263 139 4
1715376056 0.000143 0.000084 0.000042 0.000269 138 4
1715376057 0.000133 0.000090 0.000062 0.000285 135 4
1715376058 0.000144 0.000078 0.000042 0.000264 139 4
1715376059 0.000150 0.000070 0.000025 0.000245 141 4
1715376060 0.000144 0.000075 0.000001 0.000220 144 4
1715376061 0.000147 0.000078 0.000025 0.000250 141 4
1715376062 0.000134 0.000089 0.000036 0.000259 139 4
1715376063 0.000153 0.000075 0.000041 0.000269 139 4
1715376064 0.000131 0.000074 0.000028 0.000233 140 4
1715376065 0.000141 0.000082 0.000182 0.000405 130 4
1715376066 0.000144 0.000080 0.000030 0.000254 140 4
1715376067 0.000144 0.000083 0.000051 0.000278 137 4
1715376068 0.000145 0.000074 0.000016 0.000235 142 4
1715376069 0.000130 0.000077 0.000057 0.000264 136 4
1715376070 0.000148 0.000079 0.000047 0.000274 137 4
1715376071 0.000144 0.000090 0.000065 0.000299 135 4
1715376072 0.000137 0.000080 0.000045 0.000262 138 4
1715376073 0.000144 0.000088 0.000076 0.000308 133 4
1715376074 0.000145 0.000112 0.000062 0.000319 136 4
1715376075 0.000148 0.000077 0.000023 0.000248 141 4
1715376076 0.000135 0.000078 0.000025 0.000238 142 4
1715376077 0.000145 0.000079 0.000044 0.000268 138 4
1715376078 0.000136 0.000088 0.000067 0.000291 137 4
1715376079 0.000146 0.000084 0.000049 0.000279 137 4
1715376080 0.000140 0.000080 0.000002 0.000222 144 4
1715376081 0.000138 0.000075 0.000002 0.000215 144 4
1715376082 0.000138 0.000076 0.000055 0.000269 136 4
1715376083 0.000141 0.000079 0.000129 0.000349 129 4
1715376084 0.000139 0.000072 0.000008 0.000219 143 4
1715376085 0.000133 0.000084 0.000016 0.000233 142 4
1715376086 0.000138 0.000086 0.000076 0.000300 134 4
1715376087 0.000156 0.000084 0.000076 0.000316 137 4
1715376088 0.000131 0.000083 0.000044 0.000258 138 4
1715376089 0.000142 0.000075 0.000026 0.000243 141 4
1715376090 0.000133 0.000083 0.000043 0.000259 140 4
1715376091 0.000154 0.000078 0.000042 0.000274 139 4
1715376092 0.000135 0.000093 0.000019 0.000247 141 4
1715376093 0.000136 0.000080 0.000038 0.000254 138 4
1715376094 0.000147 0.000079 0.000067 0.000293 136 4
1715376095 0.000138 0.000080 0.000024 0.000242 141 4
1715376096 0.000143 0.000101 0.000161 0.000405 123 4
1715376097 0.000143 0.000075 0.000053 0.000271 137 4
1715376098 0.000138 0.000092 0.000233 0.000463 124 4
1715376099 0.000145 0.000074 0.000035 0.000254 139 4
1715376100 0.000135 0.000084 0.000084 0.000303 134 4
1715376101 0.000135 0.000079 0.000027 0.000241 140 4
1715376102 0.000139 0.000085 0.000116 0.000340 129 4
1715376103 0.000139 0.000085 0.000013 0.000237 142 4
1715376104 0.000146 0.000078 0.000042 0.000266 138 4
1715376105 0.000143 0.000085 0.000059 0.000287 136 4
1715376106 0.000131 0.000092 0.000033 0.000256 139 4
1715376107 0.000138 0.000076 0.000044 0.000258 138 4
1715376108 0.000145 0.000078 0.000072 0.000295 135 4
1715376109 0.000142 0.000077 0.000021 0.000240 141 4
1715376110 0.000136 0.000082 0.000018 0.000236 141 4
1715376111 0.000145 0.000081 0.000007 0.000233 143 4
1715376112 0.000134 0.000080 0.000094 0.000308 133 4
1715376113 0.000129 0.000074 0.000089 0.000292 132 4
1715376114 0.000143 0.000091 0.000024 0.000258 140 4
1715376115 0.000137 0.000078 0.000027 0.000242 140 4
1715376116 0.000157 0.000078 0.000033 0.000268 140 4
1715376117 0.000131 0.000088 0.000129 0.000348 128 4
1715376118 0.000125 0.000090 0.000156 0.000371 124 4
1715376119 0.000145 0.000078 0.000046 0.000269 138 4
1715376120 0.000140 0.000077 0.000034 0.000251 139 4
1715376121 0.000132 0.000085 0.000184 0.000401 122 4
1715376122 0.000141 0.000081 0.000083 0.000305 133 4
1715376123 0.000133 0.000085 0.000112 0.000330 135 4
1715376124 0.000140 0.000087 0.000174 0.000401 122 4
1715376125 0.000139 0.000078 0.000112 0.000329 129 4
1715376126 0.000135 0.000085 0.000050 0.000270 138 4
1715376127 0.000134 0.000079 0.000110 0.000323 130 4
1715376128 0.000148 0.000084 0.000113 0.000345 128 4
1715376129 0.000134 0.000089 0.000055 0.000278 137 4
1715376130 0.000135 0.000079 0.000024 0.000238 140 4
1715376131 0.000147 0.000080 0.000051 0.000278 137 4
1715376132 0.000141 0.000094 0.000069 0.000304 135 4
1715376133 0.000142 0.000077 0.000033 0.000252 139 4
1715376134 0.000137 0.000075 0.000002 0.000214 144 4
1715376135 0.000145 0.000080 0.000046 0.000271 137 4
1715376136 0.000140 0.000077 0.000040 0.000257 140 4
1715376137 0.000133 0.000078 0.000069 0.000280 135 4
1715376138 0.000154 0.000085 0.000053 0.000292 137 4
1715376139 0.000134 0.000092 0.000067 0.000293 136 4
1715376140 0.000154 0.000083 0.000044 0.000281 138 4
1715376141 0.000144 0.000081 0.000112 0.000337 130 4
1715376142 0.000137 0.000077 0.000019 0.000233 141 4
1715376143 0.000145 0.000079 0.000031 0.000255 140 4
1715376144 0.000133 0.000078 0.000024 0.000235 141 4
1715376145 0.000151 0.000083 0.000095 0.000329 132 4
1715376146 0.000140 0.000080 0.000027 0.000247 140 4
1715376147 0.000147 0.000077 0.000056 0.000280 138 4
1715376148 0.000145 0.000081 0.000140 0.000366 127 4
1715376149 0.000135 0.000079 0.000052 0.000266 137 4
1715376150 0.000143 0.000081 0.000157 0.000381 125 4
1715376151 0.000134 0.000090 0.000113 0.000337 129 4
1715376152 0.000127 0.000081 0.000070 0.000278 134 4
1715376153 0.000155 0.000079 0.000183 0.000417 127 4
1715376154 0.000147 0.000080 0.000016 0.000243 142 4
1715376155 0.000134 0.000080 0.000055 0.000269 137 4
1715376156 0.000143 0.000081 0.000036 0.000260 139 4
1715376157 0.000138 0.000077 0.000024 0.000239 140 4
1715376158 0.000145 0.000082 0.000101 0.000328 130 4
1715376159 0.000141 0.000077 0.000033 0.000251 139 4
1715376160 0.000135 0.000099 0.000109 0.000343 128 4
1715376161 0.000154 0.000077 0.000016 0.000247 142 4
1715376162 0.000134 0.000083 0.000104 0.000321 131 4
1715376163 0.000129 0.000083 0.000064 0.000276 136 4
