1715370634 0.000222 0.000235 0.460165 0.460622 5 4
1715370635 0.000097 0.000106 0.444606 0.444809 0 4
1715370636 0.000090 0.000107 0.033719 0.033916 0 4
1715370637 0.000092 0.000095 0.279962 0.280149 3 4
1715370638 0.000095 0.000105 4.232732 4.232932 1 4
1715370639 0.000077 0.000092 0.221669 0.221838 10 4
1715370640 0.000077 0.000091 0.048903 0.049071 2 4
1715370641 0.000072 0.000086 0.333163 0.333321 0 4
1715370642 0.000069 0.000086 0.024201 0.024356 0 4
1715370643 0.000061 0.000089 2.312986 2.313136 23 4
1715370644 0.000118 0.000088 10.124179 10.124385 4 4
1715370645 0.000088 0.000094 0.106927 0.107109 12 4
1715370646 0.000074 0.000089 0.027293 0.027456 5 4
1715370647 0.000067 0.000085 0.547355 0.547507 12 4
1715370648 0.000081 0.000092 1.630916 1.631089 6 4
1715370649 0.000081 0.000088 475.909129 475.909298 0 4
1715370650 0.000070 0.000088 0.020041 0.020199 14 4
1715370651 0.000069 0.000083 0.050811 0.050963 14 4
1715370652 0.000073 0.000086 0.049606 0.049765 1 4
1715370653 0.000061 0.000080 0.116146 0.116287 12 4
1715370654 0.000071 0.000085 0.049637 0.049793 0 4
1715370655 0.000086 0.000087 0.028293 0.028466 0 4
1715370656 0.000077 0.000082 0.391884 0.392043 14 4
1715370657 0.000078 0.000089 0.010324 0.010491 2 4
1715370658 0.000076 0.000085 0.388721 0.388882 1 4
1715370659 0.000091 0.000087 6.302985 6.303163 4 4
1715370660 0.000094 0.000092 0.046799 0.046985 2 4
1715370661 0.000066 0.000084 0.045642 0.045792 0 4
1715370662 0.000074 0.000089 1.529054 1.529217 2 4
1715370663 0.000073 0.000087 0.197260 0.197420 12 4
1715370664 0.000071 0.000089 5.332620 5.332780 11 4
1715370665 0.000073 0.000088 3.219956 3.220117 0 4
1715370666 0.000081 0.000090 0.025030 0.025201 0 4
1715370667 0.000071 0.000087 0.205544 0.205702 6 4
1715370668 0.000068 0.000087 0.111626 0.111781 4 4
1715370669 0.000075 0.000088 0.019136 0.019299 0 4
1715370670 0.000076 0.000086 0.077948 0.078110 1 4
1715370671 0.000103 0.000088 0.272317 0.272508 13 4
1715370672 0.000169 0.000090 0.082635 0.082894 12 4
1715370673 0.000085 0.000087 0.034770 0.034942 7 4
1715370674 0.000058 0.000079 5.123779 5.123916 12 4
1715370675 0.000063 0.000085 0.113350 0.113498 12 4
1715370676 0.000062 0.000082 0.009910 0.010054 0 4
1715370677 0.000070 0.000086 0.112726 0.112882 18 4
1715370678 0.000071 0.000087 1.414817 1.414975 15 4
1715370679 0.000079 0.000092 0.062525 0.062696 13 4
1715370680 0.000066 0.000086 19.827370 19.827522 1 4
1715370681 0.000078 0.000092 0.048552 0.048722 1 4
1715370682 0.000085 0.000092 0.081605 0.081782 10 4
1715370683 0.000078 0.000089 0.585119 0.585286 0 4
1715370684 0.000071 0.000089 0.025250 0.025410 18 4
1715370685 0.000074 0.000086 7.938993 7.939153 1 4
1715370686 0.000080 0.000086 1.419527 1.419693 0 4
1715370687 0.000084 0.000091 0.650411 0.650586 4 4
1715370688 0.000075 0.000090 0.085789 0.085954 0 4
1715370689 0.000082 0.000092 0.198179 0.198353 12 4
1715370690 0.000074 0.000088 0.251370 0.251532 1 4
1715370691 0.000075 0.000089 0.037144 0.037308 0 4
1715370692 0.000093 0.000089 12.299209 12.299391 14 4
1715370693 0.000089 0.000096 0.195152 0.195337 4 4
1715370694 0.000084 0.000093 2.236745 2.236922 2 4
1715370695 0.000062 0.000084 0.008379 0.008525 23 4
1715370696 0.000081 0.000090 12.413333 12.413504 3 4
1715370697 0.000080 0.000092 0.040687 0.040859 15 4
1715370698 0.000074 0.000087 0.046111 0.046272 2 4
1715370699 0.000079 0.000091 0.245008 0.245178 0 4
1715370700 0.000072 0.000086 0.030231 0.030389 0 4
1715370701 0.000079 0.000082 0.164981 0.165142 12 4
1715370702 0.000095 0.000092 0.051940 0.052127 5 4
1715370703 0.000075 0.000089 0.036746 0.036910 2 4
1715370704 0.000092 0.000098 0.077305 0.077495 18 4
1715370705 0.000071 0.000087 0.048230 0.048388 0 4
1715370706 0.000079 0.000088 0.046040 0.046207 3 4
1715370707 0.000073 0.000087 0.078360 0.078520 21 4
1715370708 0.000088 0.000085 0.005263 0.005436 1 4
1715370709 0.000103 0.000085 7.815947 7.816135 0 4
1715370710 0.000074 0.000089 0.038833 0.038996 2 4
1715370711 0.000062 0.000083 0.124531 0.124676 0 4
1715370712 0.000068 0.000085 0.025372 0.025525 0 4
1715370713 0.000069 0.000083 0.040030 0.040182 16 4
1715370714 0.000079 0.000090 0.147498 0.147667 6 4
1715370715 0.000065 0.000084 0.522190 0.522339 0 4
1715370716 0.000080 0.000091 0.038671 0.038842 11 4
1715370717 0.000070 0.000085 0.011187 0.011342 0 4
1715370718 0.000073 0.000085 0.477568 0.477726 1 4
1715370719 0.000076 0.000088 0.256733 0.256897 0 4
1715370720 0.000081 0.000091 0.055394 0.055566 1 4
1715370721 0.000071 0.000085 0.141497 0.141653 3 4
1715370722 0.000076 0.000091 0.320887 0.321054 4 4
1715370723 0.000079 0.000083 0.057520 0.057682 0 4
1715370724 0.000076 0.000090 14.252910 14.253076 1 4
1715370725 0.000066 0.000087 0.267537 0.267690 15 4
1715370726 0.000060 0.000082 0.003888 0.004030 12 4
1715370727 0.000063 0.000079 0.007675 0.007817 23 4
1715370728 0.000067 0.000083 11.032233 11.032383 4 4
1715370729 0.000081 0.000095 16.707146 16.707322 20 4
1715370730 0.000083 0.000095 12.539559 12.539737 4 4
1715370731 0.000091 0.000090 1.137981 1.138162 0 4
1715370732 0.000099 0.000092 0.066409 0.066600 6 4
1715370733 0.000089 0.000090 0.002250 0.002429 5 4
1715370734 0.000087 0.000085 0.622069 0.622241 1 4
1715370735 0.000085 0.000084 0.015384 0.015553 0 4
1715370736 0.000079 0.000084 0.359976 0.360139 3 4
1715370737 0.000091 0.000089 0.003197 0.003377 1 4
1715370738 0.000070 0.000083 0.290552 0.290705 14 4
1715370739 0.000088 0.000095 0.808592 0.808775 11 4
1715370740 0.000072 0.000087 10.894510 10.894669 0 4
1715370741 0.000071 0.000087 0.301691 0.301849 13 4
1715370742 0.000073 0.000086 21.860979 21.861138 0 4
1715370743 0.000074 0.000090 0.045782 0.045946 16 4
1715370744 0.000074 0.000088 0.069609 0.069771 0 4
1715370745 0.000093 0.000091 2.315178 2.315362 4 4
1715370746 0.000091 0.000089 0.237544 0.237724 1 4
1715370747 0.000084 0.000090 0.348710 0.348884 0 4
1715370748 0.000084 0.000085 1.728633 1.728802 0 4
1715370749 0.000073 0.000086 1.983294 1.983453 0 4
1715370750 0.000086 0.000094 0.574476 0.574656 6 4
1715370751 0.000076 0.000090 0.182248 0.182414 3 4
1715370752 0.000078 0.000089 0.022654 0.022821 0 4
1715370753 0.000069 0.000082 0.332455 0.332606 12 4
1715370754 0.000080 0.000091 0.997268 0.997439 0 4
1715370755 0.000086 0.000087 46.738086 46.738259 2 4
1715370756 0.000088 0.000096 4.258829 4.259013 3 4
1715370757 0.000095 0.000095 3.195064 3.195254 2 4
1715370758 0.000094 0.000090 0.155474 0.155658 0 4
1715370759 0.000076 0.000088 0.561866 0.562030 0 4
1715370760 0.000082 0.000091 0.401700 0.401873 0 4
1715370761 0.000084 0.000090 0.220809 0.220983 0 4
1715370762 0.000082 0.000091 0.553211 0.553384 2 4
1715370763 0.000081 0.000084 0.022501 0.022666 12 4
1715370764 0.000087 0.000085 0.067099 0.067271 17 4
1715370765 0.000096 0.000090 0.080241 0.080427 12 4
1715370766 0.000076 0.000091 0.003415 0.003582 2 4
1715370767 0.000063 0.000082 0.017921 0.018066 12 4
1715370768 0.000088 0.000085 0.087646 0.087819 0 4
1715370769 0.000094 0.000088 0.041851 0.042033 2 4
1715370770 0.000081 0.000086 0.087077 0.087244 0 4
1715370771 0.000086 0.000087 0.023456 0.023629 12 4
1715370772 0.000083 0.000087 0.284355 0.284525 7 4
1715370773 0.000086 0.000088 0.017628 0.017802 4 4
1715370774 0.000069 0.000081 0.009619 0.009769 0 4
1715370775 0.000076 0.000091 0.002373 0.002540 0 4
1715370776 0.000081 0.000084 0.053635 0.053800 2 4
1715370777 0.000113 0.000088 4.968656 4.968857 2 4
1715370778 0.000096 0.000093 0.734456 0.734645 4 4
1715370779 0.000059 0.000082 0.003746 0.003887 12 4
1715370780 0.000067 0.000082 0.065943 0.066092 2 4
1715370781 0.000076 0.000090 0.512836 0.513002 29 4
1715370782 0.000076 0.000090 3.843798 3.843964 2 4
1715370783 0.000060 0.000082 0.015479 0.015621 12 4
1715370784 0.000061 0.000082 0.010325 0.010468 0 4
1715370785 0.000066 0.000083 0.723402 0.723551 12 4
1715370786 0.000072 0.000088 1.062997 1.063157 0 4
1715370787 0.000072 0.000089 0.001956 0.002117 17 4
1715370788 0.000078 0.000105 0.067270 0.067453 0 4
1715370789 0.000121 0.000090 0.636740 0.636951 15 4
1715370790 0.000084 0.000086 3.692352 3.692522 0 4
1715370791 0.000075 0.000085 0.288220 0.288380 0 4
1715370792 0.000065 0.000084 0.005707 0.005856 16 4
1715370793 0.000068 0.000084 1.313836 1.313988 0 4
1715370794 0.000076 0.000091 4.407272 4.407439 2 4
1715370795 0.000074 0.000093 0.397510 0.397677 0 4
1715370796 0.000075 0.000087 4.063394 4.063556 0 4
1715370797 0.000086 0.000097 0.013428 0.013611 11 4
1715370798 0.000072 0.000100 0.039863 0.040035 0 4
1715370799 0.000093 0.000093 0.023101 0.023287 12 4
1715370800 0.000068 0.000086 0.440978 0.441132 4 4
1715370801 0.000099 0.000090 0.057984 0.058173 3 4
1715370802 0.000099 0.000092 2.274903 2.275094 3 4
1715370803 0.000084 0.000087 0.376975 0.377146 14 4
1715370804 0.000071 0.000102 0.033261 0.033434 16 4
1715370805 0.000101 0.000088 0.514559 0.514748 0 4
1715370806 0.000108 0.000092 1.531231 1.531431 2 4
1715370807 0.000076 0.000087 0.110755 0.110918 0 4
1715370808 0.000063 0.000083 0.003941 0.004087 0 4
1715370809 0.000082 0.000088 0.108210 0.108380 2 4
1715370810 0.000078 0.000088 0.369136 0.369302 1 4
1715370811 0.000069 0.000088 1.256267 1.256424 2 4
1715370812 0.000088 0.000091 0.174232 0.174411 2 4
1715370813 0.000085 0.000092 0.240490 0.240667 2 4
1715370814 0.000078 0.000089 6.239999 6.240166 1 4
1715370815 0.000063 0.000084 0.129549 0.129696 24 4
1715370816 0.000081 0.000093 0.168131 0.168305 13 4
1715370817 0.000073 0.000086 2.135008 2.135167 12 4
1715370818 0.000077 0.000088 3.275724 3.275889 0 4
1715370819 0.000081 0.000089 40.618753 40.618923 0 4
1715370820 0.000071 0.000087 0.164859 0.165017 34 4
1715370821 0.000092 0.000090 0.015808 0.015990 19 4
1715370822 0.000083 0.000092 0.113713 0.113888 13 4
1715370823 0.000078 0.000092 2.089163 2.089333 1 4
1715370824 0.000103 0.000092 1.428937 1.429132 0 4
1715370825 0.000071 0.000086 0.762258 0.762415 0 4
1715370826 0.000072 0.000086 0.261563 0.261721 0 4
1715370827 0.000072 0.000087 0.045825 0.045984 0 4
1715370828 0.000074 0.000089 0.026109 0.026272 27 4
1715370829 0.000097 0.000089 0.075843 0.076029 2 4
1715370830 0.000082 0.000091 0.064100 0.064273 8 4
1715370831 0.000097 0.000087 0.534454 0.534638 2 4
1715370832 0.000085 0.000086 0.126033 0.126204 0 4
1715370833 0.000099 0.000090 0.727558 0.727747 0 4
1715370834 0.000078 0.000088 0.004987 0.005153 5 4
1715370835 0.000090 0.000084 0.677810 0.677984 0 4
1715370836 0.000091 0.000087 0.059171 0.059349 12 4
1715370837 0.000085 0.000107 0.210237 0.210429 1 4
1715370838 0.000065 0.000083 5.363889 5.364037 0 4
1715370839 0.000068 0.000086 0.116391 0.116545 23 4
1715370840 0.000076 0.000088 0.073056 0.073220 17 4
1715370841 0.000073 0.000087 0.028953 0.029113 0 4
1715370842 0.000067 0.000082 0.037286 0.037435 0 4
1715370843 0.000075 0.000086 0.130983 0.131144 0 4
1715370844 0.000076 0.000091 6.056875 6.057042 4 4
1715370845 0.000073 0.000089 1.640201 1.640363 1 4
1715370846 0.000069 0.000084 0.025169 0.025322 0 4
1715370847 0.000079 0.000087 0.100994 0.101160 6 4
1715370848 0.000077 0.000091 0.936965 0.937133 1 4
1715370849 0.000078 0.000089 0.019578 0.019745 4 4
1715370850 0.000073 0.000085 2.153724 2.153882 0 4
1715370851 0.000063 0.000084 0.021641 0.021788 12 4
1715370852 0.000090 0.000091 0.046971 0.047152 0 4
1715370853 0.000085 0.000084 6.717440 6.717609 12 4
1715370854 0.000063 0.000082 0.253489 0.253634 0 4
1715370855 0.000087 0.000092 0.287617 0.287796 0 4
1715370856 0.000077 0.000088 0.222525 0.222690 0 4
1715370857 0.000077 0.000083 1.175528 1.175688 0 4
1715370858 0.000088 0.000093 0.246754 0.246935 14 4
1715370859 0.000078 0.000090 0.064633 0.064801 1 4
1715370860 0.000086 0.000091 5.104208 5.104385 0 4
1715370861 0.000068 0.000086 0.018206 0.018360 16 4
1715370862 0.000067 0.000081 0.071594 0.071742 13 4
1715370863 0.000085 0.000091 0.039010 0.039186 7 4
1715370864 0.000068 0.000083 0.246281 0.246432 12 4
1715370865 0.000080 0.000091 0.110373 0.110544 6 4
1715370866 0.000076 0.000088 0.963150 0.963314 0 4
1715370867 0.000084 0.000088 0.057461 0.057633 1 4
1715370868 0.000096 0.000089 4.008373 4.008558 5 4
1715370869 0.000080 0.000092 1.846783 1.846955 1 4
1715370870 0.000068 0.000086 5.208712 5.208866 2 4
1715370871 0.000065 0.000084 24.423455 24.423604 0 4
1715370872 0.000073 0.000089 4.370437 4.370599 1 4
1715370873 0.000080 0.000091 9.705605 9.705776 4 4
1715370874 0.000093 0.000093 0.413294 0.413480 6 4
1715370875 0.000099 0.000091 0.098784 0.098974 12 4
1715370876 0.000097 0.000088 0.148937 0.149122 0 4
1715370877 0.000103 0.000089 0.038119 0.038311 1 4
1715370878 0.000088 0.000089 0.025226 0.025403 26 4
1715370879 0.000073 0.000082 2.202714 2.202869 23 4
1715370880 0.000095 0.000089 0.533312 0.533496 4 4
1715370881 0.000083 0.000094 0.031535 0.031712 4 4
1715370882 0.000071 0.000085 1.400435 1.400591 27 4
1715370883 0.000086 0.000093 0.609034 0.609213 0 4
1715370884 0.000093 0.000087 0.621792 0.621972 0 4
1715370885 0.000075 0.000087 0.022310 0.022472 4 4
1715370886 0.000071 0.000081 0.208727 0.208879 0 4
1715370887 0.000084 0.000091 1.344388 1.344563 2 4
1715370888 0.000084 0.000092 1.842462 1.842638 3 4
1715370889 0.000078 0.000091 0.014058 0.014227 28 4
1715370890 0.000074 0.000084 0.016952 0.017110 14 4
1715370891 0.000072 0.000083 0.031376 0.031531 0 4
1715370892 0.000096 0.000088 0.027669 0.027853 2 4
1715370893 0.000096 0.000090 0.604478 0.604664 7 4
1715370894 0.000089 0.000094 1.177178 1.177361 3 4
1715370895 0.000063 0.000081 0.015782 0.015926 0 4
1715370896 0.000079 0.000089 0.092530 0.092698 12 4
1715370897 0.000080 0.000088 0.043396 0.043564 3 4
1715370898 0.000076 0.000088 0.052831 0.052995 0 4
1715370899 0.000078 0.000089 1.458791 1.458958 2 4
1715370900 0.000074 0.000087 0.160861 0.161022 0 4
1715370901 0.000073 0.000086 0.026863 0.027022 13 4
1715370902 0.000071 0.000083 0.237767 0.237921 13 4
1715370903 0.000074 0.000089 0.074640 0.074803 3 4
1715370904 0.000081 0.000089 0.029910 0.030080 0 4
1715370905 0.000069 0.000087 0.011862 0.012018 26 4
1715370906 0.000068 0.000083 0.074502 0.074653 13 4
1715370907 0.000079 0.000088 4.261867 4.262034 1 4
1715370908 0.000076 0.000088 0.066059 0.066223 12 4
1715370909 0.000074 0.000085 0.019964 0.020123 12 4
1715370910 0.000071 0.000083 0.013982 0.014136 13 4
1715370911 0.000083 0.000088 0.359190 0.359361 5 4
1715370912 0.000074 0.000085 0.205361 0.205520 7 4
1715370913 0.000084 0.000090 0.062315 0.062489 13 4
1715370914 0.000087 0.000091 0.066991 0.067169 6 4
1715370915 0.000077 0.000089 0.165639 0.165805 18 4
1715370916 0.000078 0.000086 0.060049 0.060213 14 4
1715370917 0.000072 0.000087 0.011366 0.011525 0 4
1715370918 0.000080 0.000088 3.275315 3.275483 2 4
1715370919 0.000083 0.000092 19.283666 19.283841 2 4
1715370920 0.000074 0.000090 0.010033 0.010197 12 4
1715370921 0.000073 0.000085 0.103327 0.103485 12 4
1715370922 0.000078 0.000087 0.270741 0.270906 12 4
1715370923 0.000078 0.000092 0.090528 0.090698 11 4
1715370924 0.000076 0.000090 1.702232 1.702398 1 4
1715370925 0.000077 0.000088 38.572704 38.572869 12 4
1715370926 0.000082 0.000091 0.312023 0.312196 0 4
1715370927 0.000069 0.000086 12.240780 12.240935 0 4
1715370928 0.000086 0.000091 0.093452 0.093629 4 4
1715370929 0.000095 0.000096 0.149133 0.149324 1 4
1715370930 0.000099 0.000091 2.922752 2.922942 2 4
1715370931 0.000083 0.000099 1.062038 1.062220 0 4
1715370932 0.000081 0.000092 0.104943 0.105116 12 4
1715370933 0.000073 0.000085 4.710842 4.711000 0 4
1715370934 0.000082 0.000090 0.023278 0.023450 4 4
1715370935 0.000078 0.000085 0.609641 0.609804 0 4
1715370936 0.000079 0.000089 0.084869 0.085037 19 4
1715370937 0.000078 0.000087 0.100973 0.101138 0 4
1715370938 0.000076 0.000088 0.003821 0.003985 1 4
1715370939 0.000078 0.000086 0.146806 0.146970 2 4
1715370940 0.000085 0.000089 10.782075 10.782249 4 4
1715370941 0.000092 0.000095 2.072135 2.072322 2 4
1715370942 0.000082 0.000092 12.702536 12.702710 0 4
1715370943 0.000087 0.000091 0.541946 0.542124 4 4
1715370944 0.000076 0.000105 9.005576 9.005757 0 4
1715370945 0.000082 0.000090 0.048553 0.048725 0 4
1715370946 0.000096 0.000088 0.014028 0.014212 0 4
1715370947 0.000070 0.000086 0.925641 0.925797 0 4
1715370948 0.000093 0.000092 0.504107 0.504292 14 4
1715370949 0.000074 0.000085 2.279400 2.279559 0 4
1715370950 0.000093 0.000092 4.516681 4.516866 4 4
1715370951 0.000068 0.000086 0.933908 0.934062 3 4
1715370952 0.000075 0.000085 1.469667 1.469827 0 4
1715370953 0.000069 0.000084 0.157843 0.157996 0 4
1715370954 0.000082 0.000089 0.223105 0.223276 5 4
1715370955 0.000075 0.000086 10.433193 10.433354 1 4
1715370956 0.000080 0.000090 6.672026 6.672196 0 4
1715370957 0.000071 0.000084 0.003187 0.003342 26 4
1715370958 0.000087 0.000090 2.044644 2.044821 4 4
1715370959 0.000071 0.000086 0.008865 0.009022 12 4
1715370960 0.000084 0.000087 1.038413 1.038584 8 4
1715370961 0.000076 0.000087 0.003719 0.003882 12 4
1715370962 0.000092 0.000088 2.237831 2.238011 6 4
1715370963 0.000084 0.000090 0.005789 0.005963 0 4
1715370964 0.000075 0.000084 4.424639 4.424798 2 4
1715370965 0.000086 0.000091 0.010243 0.010420 1 4
1715370966 0.000071 0.000086 0.037103 0.037260 16 4
1715370967 0.000081 0.000088 0.396695 0.396864 1 4
1715370968 0.000093 0.000087 0.009318 0.009498 24 4
1715370969 0.000077 0.000088 0.279192 0.279357 4 4
1715370970 0.000079 0.000088 0.051122 0.051289 4 4
1715370971 0.000083 0.000090 1.215311 1.215484 0 4
1715370972 0.000075 0.000085 0.566989 0.567149 2 4
1715370973 0.000101 0.000091 0.047872 0.048064 2 4
1715370974 0.000085 0.000090 8.045237 8.045412 1 4
1715370975 0.000075 0.000089 0.316084 0.316248 1 4
1715370976 0.000072 0.000087 0.002103 0.002262 23 4
1715370977 0.000088 0.000093 0.133583 0.133764 7 4
1715370978 0.000069 0.000086 0.002111 0.002266 12 4
1715370979 0.000073 0.000083 0.375358 0.375514 12 4
1715370980 0.000091 0.000095 0.200799 0.200985 14 4
1715370981 0.000073 0.000085 0.036229 0.036387 12 4
1715370982 0.000070 0.000084 0.197372 0.197526 0 4
1715370983 0.000083 0.000089 0.118808 0.118980 5 4
1715370984 0.000079 0.000087 0.100566 0.100732 0 4
1715370985 0.000089 0.000094 0.786718 0.786901 8 4
1715370986 0.000075 0.000088 2.054825 2.054988 1 4
1715370987 0.000080 0.000087 0.023452 0.023619 12 4
1715370988 0.000080 0.000087 0.186627 0.186794 3 4
1715370989 0.000079 0.000087 0.282580 0.282746 0 4
1715370990 0.000090 0.000093 0.160445 0.160628 0 4
1715370991 0.000084 0.000090 0.042583 0.042757 1 4
1715370992 0.000080 0.000088 3.700907 3.701075 4 4
1715370993 0.000073 0.000087 0.437705 0.437865 1 4
1715370994 0.000080 0.000090 6.962517 6.962687 2 4
1715370995 0.000080 0.000091 0.175286 0.175457 3 4
1715370996 0.000086 0.000092 1.281654 1.281832 6 4
1715370997 0.000091 0.000094 0.200860 0.201045 19 4
1715370998 0.000103 0.000092 0.070724 0.070919 13 4
1715370999 0.000087 0.000092 0.024823 0.025002 22 4
1715371000 0.000067 0.000081 20.641441 20.641589 12 4
1715371001 0.000086 0.000093 0.246564 0.246743 7 4
1715371002 0.000084 0.000090 0.025228 0.025402 0 4
1715371003 0.000073 0.000083 0.218797 0.218953 0 4
1715371004 0.000091 0.000094 0.178674 0.178859 19 4
1715371005 0.000090 0.000091 0.911452 0.911633 2 4
1715371006 0.000074 0.000087 0.004887 0.005048 12 4
1715371007 0.000074 0.000083 0.029202 0.029359 0 4
1715371008 0.000076 0.000085 0.127419 0.127580 15 4
1715371009 0.000072 0.000086 0.076110 0.076268 7 4
1715371010 0.000089 0.000090 0.035904 0.036083 0 4
1715371011 0.000076 0.000087 0.016236 0.016399 29 4
1715371012 0.000084 0.000082 0.179720 0.179886 16 4
1715371013 0.000094 0.000094 0.156153 0.156341 7 4
1715371014 0.000083 0.000090 0.219598 0.219771 0 4
1715371015 0.000083 0.000089 0.158247 0.158419 1 4
1715371016 0.000078 0.000090 0.012837 0.013005 1 4
1715371017 0.000066 0.000079 0.021968 0.022113 34 4
1715371018 0.000066 0.000083 0.006523 0.006672 12 4
1715371019 0.000094 0.000088 0.155246 0.155428 0 4
1715371020 0.000079 0.000090 0.525007 0.525176 3 4
1715371021 0.000095 0.000089 0.931483 0.931667 0 4
1715371022 0.000084 0.000085 0.079276 0.079445 0 4
1715371023 0.000084 0.000090 0.005915 0.006089 6 4
1715371024 0.000091 0.000089 0.042949 0.043129 2 4
1715371025 0.000077 0.000086 1.494272 1.494435 0 4
1715371026 0.000081 0.000091 1.218324 1.218496 0 4
1715371027 0.000086 0.000091 1.143344 1.143521 1 4
1715371028 0.000086 0.000092 0.007680 0.007858 38 4
1715371029 0.000083 0.000088 0.016964 0.017135 3 4
1715371030 0.000069 0.000083 0.009400 0.009552 0 4
1715371031 0.000067 0.000082 4.062104 4.062253 12 4
1715371032 0.000078 0.000090 0.636084 0.636252 0 4
1715371033 0.000079 0.000089 0.135515 0.135683 15 4
1715371034 0.000076 0.000086 0.446514 0.446676 0 4
1715371035 0.000081 0.000090 0.117069 0.117240 3 4
1715371036 0.000085 0.000091 14.872826 14.873002 0 4
1715371037 0.000063 0.000081 0.001523 0.001667 12 4
1715371038 0.000080 0.000086 0.090959 0.091125 0 4
1715371039 0.000084 0.000093 1.419900 1.420077 12 4
1715371040 0.000074 0.000088 0.433007 0.433169 12 4
1715371041 0.000089 0.000093 0.447871 0.448053 8 4
1715371042 0.000078 0.000088 0.026866 0.027032 0 4
1715371043 0.000080 0.000085 0.100142 0.100307 7 4
1715371044 0.000079 0.000088 0.032528 0.032695 3 4
1715371045 0.000075 0.000089 0.014552 0.014716 16 4
1715371046 0.000072 0.000085 0.837979 0.838136 13 4
1715371047 0.000082 0.000088 0.005510 0.005680 1 4
1715371048 0.000077 0.000085 17.688936 17.689098 1 4
1715371049 0.000085 0.000098 0.936545 0.936728 22 4
1715371050 0.000095 0.000095 0.084739 0.084929 10 4
1715371051 0.000082 0.000094 0.065668 0.065844 17 4
1715371052 0.000065 0.000083 0.015283 0.015431 13 4
1715371053 0.000066 0.000080 0.009910 0.010056 12 4
1715371054 0.000083 0.000086 1.358147 1.358316 0 4
1715371055 0.000086 0.000090 0.323063 0.323239 0 4
1715371056 0.000083 0.000088 0.081694 0.081865 0 4
1715371057 0.000072 0.000085 0.061265 0.061422 23 4
1715371058 0.000090 0.000091 1.562087 1.562268 0 4
1715371059 0.000081 0.000089 0.094431 0.094601 12 4
1715371060 0.000086 0.000090 0.228754 0.228930 13 4
1715371061 0.000089 0.000093 0.019577 0.019759 22 4
1715371062 0.000084 0.000090 1.585306 1.585480 3 4
1715371063 0.000073 0.000087 0.001783 0.001943 2 4
1715371064 0.000077 0.000081 0.216499 0.216657 12 4
1715371065 0.000086 0.000092 0.040570 0.040748 5 4
1715371066 0.000076 0.000086 0.025218 0.025380 17 4
1715371067 0.000079 0.000086 0.023391 0.023556 0 4
1715371068 0.000087 0.000091 0.341866 0.342044 10 4
1715371069 0.000077 0.000088 2.070201 2.070366 13 4
1715371070 0.000070 0.000084 13.331232 13.331386 12 4
1715371071 0.000083 0.000096 0.079026 0.079205 12 4
1715371072 0.000073 0.000087 3.682542 3.682702 0 4
1715371073 0.000080 0.000091 0.470065 0.470236 0 4
1715371074 0.000102 0.000091 11.094193 11.094386 0 4
1715371075 0.000091 0.000091 1.103557 1.103739 1 4
1715371076 0.000088 0.000091 0.040878 0.041057 2 4
1715371077 0.000077 0.000087 0.073896 0.074060 0 4
1715371078 0.000090 0.000086 0.026146 0.026322 3 4
1715371079 0.000072 0.000083 0.561283 0.561438 1 4
1715371080 0.000078 0.000088 9.751408 9.751574 0 4
1715371081 0.000076 0.000087 0.289057 0.289220 0 4
1715371082 0.000084 0.000091 0.085703 0.085878 9 4
1715371083 0.000087 0.000093 0.434718 0.434898 7 4
1715371084 0.000075 0.000087 8.778799 8.778961 0 4
1715371085 0.000085 0.000094 0.008030 0.008209 1 4
1715371086 0.000065 0.000080 0.015752 0.015897 12 4
1715371087 0.000071 0.000085 6.584047 6.584203 2 4
1715371088 0.000088 0.000095 0.023458 0.023641 0 4
1715371089 0.000086 0.000090 0.320890 0.321066 1 4
1715371090 0.000079 0.000088 0.018137 0.018304 0 4
1715371091 0.000088 0.000092 0.514560 0.514740 4 4
1715371092 0.000081 0.000089 0.119623 0.119793 3 4
1715371093 0.000076 0.000088 0.078543 0.078707 12 4
1715371094 0.000081 0.000091 0.540958 0.541130 6 4
1715371095 0.000092 0.000093 0.722442 0.722627 5 4
1715371096 0.000090 0.000092 0.089191 0.089373 4 4
1715371097 0.000083 0.000090 0.131695 0.131868 12 4
1715371098 0.000075 0.000087 0.294647 0.294809 0 4
1715371099 0.000087 0.000091 0.017238 0.017416 2 4
1715371100 0.000080 0.000087 0.008033 0.008200 6 4
1715371101 0.000062 0.000077 0.127275 0.127414 0 4
1715371102 0.000080 0.000089 37.034944 37.035113 3 4
1715371103 0.000092 0.000097 0.624837 0.625026 6 4
1715371104 0.000079 0.000091 1.261988 1.262158 0 4
1715371105 0.000066 0.000083 0.002542 0.002691 0 4
1715371106 0.000078 0.000082 0.029880 0.030040 0 4
1715371107 0.000089 0.000093 0.372076 0.372258 7 4
1715371108 0.000090 0.000095 0.474003 0.474188 14 4
1715371109 0.000072 0.000086 0.286562 0.286720 2 4
1715371110 0.000076 0.000085 0.303890 0.304051 12 4
1715371111 0.000079 0.000089 0.066323 0.066491 2 4
1715371112 0.000076 0.000087 0.160667 0.160830 0 4
1715371113 0.000076 0.000090 0.588087 0.588253 5 4
1715371114 0.000080 0.000090 1.701772 1.701942 13 4
1715371115 0.000081 0.000090 143.393721 143.393892 0 4
1715371116 0.000089 0.000097 0.018543 0.018729 7 4
1715371117 0.000079 0.000083 0.136650 0.136812 0 4
1715371118 0.000081 0.000089 0.360534 0.360704 2 4
1715371119 0.000079 0.000090 0.691126 0.691295 12 4
1715371120 0.000094 0.000094 0.042374 0.042562 5 4
1715371121 0.000072 0.000084 0.001912 0.002068 12 4
1715371122 0.000077 0.000087 0.671123 0.671287 12 4
1715371123 0.000090 0.000093 22.007775 22.007958 3 4
1715371124 0.000087 0.000093 0.107957 0.108137 16 4
1715371125 0.000087 0.000092 0.109878 0.110057 3 4
1715371126 0.000070 0.000084 0.033193 0.033347 14 4
1715371127 0.000083 0.000089 1.569748 1.569920 0 4
1715371128 0.000092 0.000096 0.673301 0.673489 17 4
1715371129 0.000064 0.000083 0.050617 0.050764 12 4
1715371130 0.000095 0.000093 1.477445 1.477633 1 4
1715371131 0.000086 0.000093 8.411066 8.411245 0 4
1715371132 0.000070 0.000086 0.221996 0.222152 12 4
1715371133 0.000089 0.000091 12.072020 12.072200 4 4
1715371134 0.000083 0.000091 0.007163 0.007337 13 4
1715371135 0.000090 0.000083 0.117373 0.117546 34 4
1715371136 0.000110 0.000100 0.082901 0.083111 17 4
1715371137 0.000080 0.000089 11.402481 11.402650 14 4
1715371138 0.000064 0.000084 0.025553 0.025701 0 4
1715371139 0.000080 0.000086 0.013882 0.014048 14 4
1715371140 0.000070 0.000081 0.082628 0.082779 0 4
1715371141 0.000074 0.000086 0.005547 0.005707 12 4
1715371142 0.000090 0.000088 0.372474 0.372652 7 4
1715371143 0.000076 0.000089 0.492866 0.493031 0 4
1715371144 0.000074 0.000084 156.064547 156.064705 0 4
1715371145 0.000094 0.000100 0.037849 0.038043 5 4
1715371146 0.000088 0.000089 2.022599 2.022776 1 4
1715371147 0.000087 0.000092 0.039259 0.039438 13 4
1715371148 0.000073 0.000085 1.299474 1.299632 0 4
1715371149 0.000083 0.000090 1.454212 1.454385 4 4
1715371150 0.000080 0.000087 0.131192 0.131359 12 4
1715371151 0.000080 0.000090 0.008600 0.008770 2 4
1715371152 0.000078 0.000083 0.002447 0.002608 0 4
1715371153 0.000068 0.000083 15.768118 15.768269 14 4
1715371154 0.000090 0.000093 0.385734 0.385917 12 4
1715371155 0.000077 0.000090 2.294220 2.294387 0 4
1715371156 0.000084 0.000090 0.008228 0.008402 3 4
1715371157 0.000061 0.000077 0.210011 0.210149 12 4
1715371158 0.000084 0.000090 0.038253 0.038427 0 4
1715371159 0.000079 0.000086 0.035297 0.035462 0 4
1715371160 0.000078 0.000087 0.017488 0.017653 0 4
1715371161 0.000086 0.000089 0.008517 0.008692 26 4
1715371162 0.000080 0.000088 0.075998 0.076166 5 4
1715371163 0.000097 0.000094 0.036269 0.036460 3 4
1715371164 0.000087 0.000090 0.003584 0.003761 2 4
1715371165 0.000085 0.000086 1.176082 1.176253 1 4
1715371166 0.000085 0.000090 3.667161 3.667336 18 4
1715371167 0.000076 0.000088 0.025930 0.026094 12 4
1715371168 0.000083 0.000087 0.028440 0.028610 8 4
1715371169 0.000076 0.000084 0.013570 0.013730 13 4
1715371170 0.000081 0.000086 0.016315 0.016482 0 4
1715371171 0.000076 0.000087 0.252254 0.252417 3 4
1715371172 0.000079 0.000087 0.399573 0.399739 14 4
1715371173 0.000073 0.000086 0.026382 0.026541 14 4
1715371174 0.000078 0.000088 0.133520 0.133686 5 4
1715371175 0.000069 0.000082 0.169752 0.169903 12 4
1715371176 0.000086 0.000092 0.096494 0.096672 8 4
1715371177 0.000070 0.000084 0.006061 0.006215 12 4
1715371178 0.000076 0.000081 0.110281 0.110438 0 4
1715371179 0.000089 0.000088 0.369274 0.369451 5 4
1715371180 0.000083 0.000089 0.069116 0.069288 12 4
1715371181 0.000089 0.000091 0.042337 0.042517 2 4
1715371182 0.000081 0.000089 0.009437 0.009607 12 4
1715371183 0.000083 0.000085 0.114622 0.114790 17 4
1715371184 0.000073 0.000088 0.024178 0.024339 13 4
1715371185 0.000085 0.000090 0.004329 0.004504 20 4
1715371186 0.000073 0.000082 0.157293 0.157448 0 4
1715371187 0.000090 0.000087 0.020188 0.020365 0 4
1715371188 0.000075 0.000085 0.005673 0.005833 12 4
1715371189 0.000074 0.000082 1.428590 1.428746 2 4
1715371190 0.000089 0.000092 474.909227 474.909408 0 4
1715371191 0.000084 0.000095 0.175538 0.175717 3 4
1715371192 0.000077 0.000090 0.962615 0.962782 12 4
1715371193 0.000094 0.000097 0.054293 0.054484 13 4
1715371194 0.000102 0.000099 0.014446 0.014647 0 4
1715371195 0.000091 0.000088 0.079904 0.080083 0 4
1715371196 0.000075 0.000084 9.568073 9.568232 0 4
1715371197 0.000079 0.000088 1.444350 1.444517 14 4
1715371198 0.000083 0.000092 1.920668 1.920843 2 4
1715371199 0.000089 0.000091 1.065456 1.065636 0 4
1715371200 0.000086 0.000094 0.701214 0.701394 3 4
1715371201 0.000079 0.000089 0.006282 0.006450 0 4
1715371202 0.000101 0.000086 0.314477 0.314664 2 4
1715371203 0.000093 0.000090 0.036884 0.037067 3 4
1715371204 0.000077 0.000085 0.636304 0.636466 3 4
1715371205 0.000089 0.000092 0.077338 0.077519 21 4
1715371206 0.000079 0.000088 1.157246 1.157413 0 4
1715371207 0.000061 0.000081 0.006568 0.006710 12 4
1715371208 0.000079 0.000084 0.081838 0.082001 0 4
1715371209 0.000075 0.000086 0.002146 0.002307 0 4
1715371210 0.000084 0.000086 0.212529 0.212699 5 4
1715371211 0.000086 0.000088 0.461251 0.461425 0 4
1715371212 0.000080 0.000087 1.744089 1.744256 0 4
1715371213 0.000085 0.000093 0.019673 0.019851 3 4
1715371214 0.000083 0.000090 0.018797 0.018970 16 4
1715371215 0.000083 0.000087 1.146101 1.146271 0 4
1715371216 0.000092 0.000091 2.170503 2.170686 0 4
1715371217 0.000084 0.000088 9.471164 9.471336 0 4
1715371218 0.000096 0.000098 26.497672 26.497866 19 4
1715371219 0.000086 0.000094 0.145411 0.145591 2 4
1715371220 0.000106 0.000088 16.202588 16.202782 0 4
1715371221 0.000092 0.000095 0.208103 0.208290 1 4
1715371222 0.000078 0.000086 0.022446 0.022610 12 4
1715371223 0.000076 0.000085 0.120760 0.120921 1 4
1715371224 0.000094 0.000087 0.190037 0.190218 14 4
1715371225 0.000088 0.000094 0.763018 0.763200 8 4
1715371226 0.000082 0.000089 0.073733 0.073904 8 4
1715371227 0.000093 0.000094 0.276055 0.276242 8 4
1715371228 0.000084 0.000092 0.420161 0.420337 3 4
1715371229 0.000099 0.000096 0.213921 0.214116 2 4
1715371230 0.000069 0.000085 0.013225 0.013379 13 4
1715371231 0.000087 0.000086 0.037847 0.038020 0 4
1715371232 0.000079 0.000087 0.099510 0.099676 0 4
1715371233 0.000083 0.000088 1.741397 1.741568 16 4
1715371234 0.000093 0.000094 0.041212 0.041399 2 4
1715371235 0.000078 0.000087 0.005839 0.006004 0 4
1715371236 0.000085 0.000089 0.009753 0.009927 14 4
1715371237 0.000078 0.000088 0.659279 0.659445 7 4
1715371238 0.000079 0.000087 1.057515 1.057681 12 4
1715371239 0.000092 0.000092 0.084744 0.084928 0 4
1715371240 0.000070 0.000084 0.002574 0.002728 23 4
1715371241 0.000077 0.000085 0.041233 0.041395 0 4
1715371242 0.000084 0.000090 0.005434 0.005608 26 4
1715371243 0.000071 0.000083 6.378170 6.378324 12 4
1715371244 0.000092 0.000094 0.298397 0.298583 2 4
1715371245 0.000092 0.000094 33.890968 33.891154 8 4
1715371246 0.000085 0.000095 0.151497 0.151677 16 4
1715371247 0.000098 0.000101 0.245340 0.245539 13 4
1715371248 0.000081 0.000088 0.102589 0.102758 23 4
1715371249 0.000094 0.000092 0.023176 0.023362 1 4
1715371250 0.000075 0.000083 0.901336 0.901494 4 4
1715371251 0.000082 0.000093 0.042421 0.042596 12 4
1715371252 0.000081 0.000090 0.347436 0.347607 14 4
1715371253 0.000081 0.000089 0.068359 0.068529 5 4
1715371254 0.000084 0.000090 1.662166 1.662340 4 4
1715371255 0.000078 0.000088 0.070768 0.070934 13 4
1715371256 0.000081 0.000086 0.074962 0.075129 0 4
1715371257 0.000082 0.000087 0.607144 0.607313 4 4
1715371258 0.000088 0.000091 0.052795 0.052974 4 4
1715371259 0.000080 0.000088 0.068332 0.068500 0 4
1715371260 0.000073 0.000085 0.076203 0.076361 0 4
1715371261 0.000096 0.000094 0.115101 0.115291 5 4
1715371262 0.000069 0.000080 0.055952 0.056101 24 4
1715371263 0.000091 0.000091 0.003966 0.004148 12 4
1715371264 0.000073 0.000083 0.004776 0.004932 0 4
1715371265 0.000070 0.000079 1.642575 1.642724 12 4
1715371266 0.000079 0.000087 0.226011 0.226177 0 4
1715371267 0.000080 0.000089 24.105784 24.105953 7 4
1715371268 0.000087 0.000096 0.169972 0.170155 17 4
1715371269 0.000085 0.000092 0.011132 0.011309 19 4
1715371270 0.000076 0.000084 0.126326 0.126486 0 4
1715371271 0.000082 0.000088 1.708074 1.708244 0 4
1715371272 0.000078 0.000087 0.387265 0.387430 2 4
1715371273 0.000082 0.000089 0.002538 0.002709 14 4
1715371274 0.000061 0.000080 0.028900 0.029041 12 4
1715371275 0.000075 0.000084 3.163405 3.163564 12 4
1715371276 0.000077 0.000084 22.641446 22.641607 0 4
1715371277 0.000078 0.000088 0.002463 0.002629 14 4
1715371278 0.000104 0.000091 2.231112 2.231307 3 4
1715371279 0.000086 0.000091 103.963443 103.963620 0 4
1715371280 0.000083 0.000091 3.428080 3.428254 0 4
1715371281 0.000100 0.000095 2.581394 2.581589 3 4
1715371282 0.000082 0.000091 0.100362 0.100535 2 4
1715371283 0.000079 0.000091 0.121504 0.121674 9 4
1715371284 0.000075 0.000087 0.013663 0.013825 0 4
1715371285 0.000079 0.000086 0.448003 0.448168 14 4
1715371286 0.000082 0.000087 0.135998 0.136167 0 4
1715371287 0.000091 0.000090 0.245462 0.245643 2 4
1715371288 0.000106 0.000093 0.160464 0.160663 1 4
1715371289 0.000090 0.000094 0.029283 0.029467 4 4
1715371290 0.000083 0.000087 47.008728 47.008898 2 4
1715371291 0.000096 0.000098 0.053938 0.054132 0 4
1715371292 0.000080 0.000088 0.010810 0.010978 0 4
1715371293 0.000082 0.000086 0.437752 0.437920 1 4
1715371294 0.000098 0.000096 0.124552 0.124746 6 4
1715371295 0.000080 0.000090 0.165039 0.165209 1 4
1715371296 0.000077 0.000086 0.019948 0.020111 0 4
1715371297 0.000075 0.000082 0.268026 0.268183 0 4
1715371298 0.000072 0.000086 0.001825 0.001983 12 4
1715371299 0.000069 0.000079 0.101371 0.101519 12 4
1715371300 0.000066 0.000082 6.023410 6.023558 18 4
1715371301 0.000080 0.000089 1.072652 1.072821 0 4
1715371302 0.000081 0.000087 0.050797 0.050965 0 4
1715371303 0.000102 0.044999 0.033298 0.078399 14 4
1715371304 0.000081 0.000090 0.008478 0.008649 13 4
1715371305 0.000081 0.000087 1.394304 1.394472 2 4
1715371306 0.000081 0.000091 0.170612 0.170784 0 4
1715371307 0.000090 0.000092 6.953263 6.953445 2 4
1715371308 0.000066 0.000085 0.543851 0.544002 44 4
1715371309 0.000088 0.000092 3.292581 3.292761 0 4
1715371310 0.000076 0.000088 0.012352 0.012516 0 4
1715371311 0.000087 0.000089 30.943090 30.943266 3 4
1715371312 0.000087 0.000093 0.062813 0.062993 14 4
1715371313 0.000073 0.000086 0.183953 0.184112 23 4
1715371314 0.000082 0.000088 0.213147 0.213317 15 4
1715371315 0.000088 0.000091 0.679319 0.679498 2 4
1715371316 0.000085 0.000091 0.055901 0.056077 13 4
1715371317 0.000089 0.000093 0.027087 0.027269 30 4
1715371318 0.000081 0.000086 2.409921 2.410088 0 4
1715371319 0.000092 0.000096 0.225786 0.225974 12 4
1715371320 0.000089 0.000093 0.074373 0.074555 1 4
1715371321 0.000084 0.000088 0.664134 0.664306 0 4
1715371322 0.000079 0.000088 1.294167 1.294334 1 4
1715371323 0.000092 0.000095 0.421463 0.421650 4 4
1715371324 0.000091 0.000091 0.017580 0.017762 15 4
1715371325 0.000083 0.000085 26.994589 26.994757 5 4
1715371326 0.000093 0.000095 0.597983 0.598171 6 4
1715371327 0.000091 0.000093 0.116405 0.116589 12 4
1715371328 0.000084 0.000092 0.110412 0.110588 3 4
1715371329 0.000083 0.000089 0.035083 0.035255 14 4
1715371330 0.000073 0.000085 0.007394 0.007552 0 4
1715371331 0.000074 0.000084 0.468697 0.468855 12 4
1715371332 0.000078 0.000089 0.420634 0.420801 13 4
1715371333 0.000084 0.000089 0.030643 0.030816 1 4
1715371334 0.000078 0.000086 1.397779 1.397943 0 4
1715371335 0.000070 0.000083 0.159462 0.159615 12 4
1715371336 0.000083 0.000088 0.493116 0.493287 0 4
1715371337 0.000092 0.000091 1.555156 1.555339 0 4
1715371338 0.000080 0.000089 0.673371 0.673540 6 4
1715371339 0.000087 0.000088 0.183600 0.183775 12 4
1715371340 0.000097 0.000095 0.559146 0.559338 6 4
1715371341 0.000078 0.000088 0.136352 0.136518 0 4
1715371342 0.000073 0.000089 0.130700 0.130862 17 4
1715371343 0.000070 0.000083 2.146225 2.146378 34 4
1715371344 0.000090 0.000090 0.984178 0.984358 0 4
1715371345 0.000080 0.000086 0.022898 0.023064 0 4
1715371346 0.000079 0.000084 1.342622 1.342785 3 4
1715371347 0.000090 0.000091 0.153831 0.154012 4 4
1715371348 0.000070 0.000083 0.035098 0.035251 0 4
1715371349 0.000094 0.000094 0.610442 0.610630 2 4
1715371350 0.000076 0.000088 1.008808 1.008972 12 4
1715371351 0.000081 0.000091 0.010935 0.011107 17 4
1715371352 0.000092 0.000089 0.151285 0.151466 6 4
1715371353 0.000082 0.000088 0.776539 0.776709 0 4
1715371354 0.000090 0.000094 0.009708 0.009892 16 4
1715371355 0.000079 0.000086 0.748277 0.748442 0 4
1715371356 0.000082 0.000089 0.393622 0.393793 3 4
1715371357 0.000074 0.000087 0.207522 0.207683 0 4
1715371358 0.000083 0.000089 0.096407 0.096579 0 4
1715371359 0.000092 0.000090 0.457811 0.457993 2 4
1715371360 0.000085 0.000092 0.041382 0.041559 8 4
1715371361 0.000084 0.000088 0.130019 0.130191 0 4
1715371362 0.000082 0.000088 0.864589 0.864759 14 4
1715371363 0.000076 0.000086 0.144626 0.144788 0 4
1715371364 0.000084 0.000089 1.240881 1.241054 0 4
1715371365 0.000081 0.000088 0.537698 0.537867 4 4
1715371366 0.000088 0.000091 0.058522 0.058701 1 4
1715371367 0.000085 0.000092 0.279675 0.279852 0 4
1715371368 0.000094 0.000096 0.011979 0.012169 2 4
1715371369 0.000076 0.000086 0.141322 0.141484 14 4
1715371370 0.000078 0.000088 0.194114 0.194280 6 4
1715371371 0.000084 0.000089 0.518650 0.518823 1 4
1715371372 0.000083 0.000089 2.263195 2.263367 0 4
1715371373 0.000080 0.000085 0.227088 0.227253 12 4
1715371374 0.000069 0.000084 0.041212 0.041365 12 4
1715371375 0.000083 0.000088 0.016134 0.016305 1 4
1715371376 0.000077 0.000082 0.030703 0.030862 0 4
1715371377 0.000087 0.000086 2.467288 2.467461 2 4
1715371378 0.000086 0.000092 0.376919 0.377097 2 4
1715371379 0.000085 0.000093 0.023168 0.023346 14 4
1715371380 0.000076 0.000085 4.770332 4.770493 18 4
1715371381 0.000082 0.000090 20.105398 20.105570 12 4
1715371382 0.000088 0.000095 0.624482 0.624665 2 4
1715371383 0.000090 0.000094 1.003362 1.003546 2 4
1715371384 0.000080 0.000088 0.017950 0.018118 0 4
1715371385 0.000089 0.000091 0.129528 0.129708 35 4
1715371386 0.000083 0.000090 5.206501 5.206674 12 4
1715371387 0.000079 0.000086 0.014285 0.014450 5 4
1715371388 0.000084 0.000090 0.419028 0.419202 12 4
1715371389 0.000079 0.000086 0.448127 0.448292 3 4
1715371390 0.000075 0.000085 1.651784 1.651944 0 4
1715371391 0.000095 0.000093 0.206458 0.206646 0 4
1715371392 0.000081 0.000091 0.002705 0.002877 23 4
1715371393 0.000090 0.000089 0.183333 0.183512 0 4
1715371394 0.000079 0.000090 2.733092 2.733261 5 4
1715371395 0.000078 0.000087 0.297977 0.298142 23 4
1715371396 0.000083 0.000092 0.030711 0.030886 13 4
1715371397 0.000087 0.000090 0.255769 0.255946 6 4
1715371398 0.000096 0.000094 0.039979 0.040169 4 4
1715371399 0.000093 0.000094 0.008495 0.008682 19 4
1715371400 0.000083 0.000088 0.004745 0.004916 12 4
1715371401 0.000062 0.000079 0.030936 0.031077 23 4
1715371402 0.000076 0.000085 0.058762 0.058923 0 4
1715371403 0.000085 0.000089 0.010122 0.010296 0 4
1715371404 0.000082 0.000085 0.001676 0.001843 15 4
1715371405 0.000084 0.000086 0.280367 0.280537 2 4
1715371406 0.000089 0.000090 1.072404 1.072583 1 4
1715371407 0.000088 0.000093 5.062269 5.062450 2 4
1715371408 0.000071 0.000084 0.056760 0.056915 12 4
1715371409 0.000090 0.000091 0.018686 0.018867 14 4
1715371410 0.000068 0.000081 0.102582 0.102731 12 4
1715371411 0.000071 0.000085 0.238486 0.238642 12 4
1715371412 0.000095 0.000094 0.041706 0.041895 3 4
1715371413 0.000081 0.000088 0.003697 0.003866 5 4
1715371414 0.000090 0.000091 0.018376 0.018557 21 4
1715371415 0.000082 0.000088 2.873492 2.873662 0 4
1715371416 0.000085 0.000093 4.475458 4.475636 10 4
1715371417 0.000062 0.000082 0.003602 0.003746 0 4
1715371418 0.000071 0.000087 0.079290 0.079448 0 4
1715371419 0.000088 0.000091 0.032654 0.032833 0 4
1715371420 0.000092 0.000091 0.070538 0.070721 0 4
1715371421 0.000068 0.000084 0.202126 0.202278 34 4
1715371422 0.000077 0.000087 0.067330 0.067494 12 4
1715371423 0.000080 0.000089 0.003977 0.004146 2 4
1715371424 0.000070 0.000081 0.023744 0.023895 1 4
1715371425 0.000073 0.000082 4.211658 4.211813 2 4
1715371426 0.000090 0.000093 0.207607 0.207790 14 4
1715371427 0.000081 0.000088 0.639743 0.639912 12 4
1715371428 0.000083 0.000091 0.280017 0.280191 4 4
1715371429 0.000087 0.000089 0.858859 0.859035 2 4
1715371430 0.000085 0.000091 1.385023 1.385199 0 4
1715371431 0.000088 0.000089 0.099631 0.099808 0 4
1715371432 0.000079 0.000086 0.044411 0.044576 0 4
1715371433 0.000081 0.000087 9.345379 9.345547 0 4
1715371434 0.000081 0.000093 0.151763 0.151937 4 4
1715371435 0.000097 0.000098 0.333291 0.333486 10 4
1715371436 0.000078 0.000089 10.627036 10.627203 0 4
1715371437 0.000080 0.000089 0.254567 0.254736 5 4
1715371438 0.000082 0.000089 0.099973 0.100144 31 4
1715371439 0.000088 0.000095 0.519271 0.519454 2 4
1715371440 0.000089 0.000093 0.077928 0.078110 0 4
1715371441 0.000076 0.000088 0.183488 0.183652 0 4
1715371442 0.000086 0.000086 0.024370 0.024542 0 4
1715371443 0.000069 0.000083 0.001308 0.001460 23 4
1715371444 0.000080 0.000086 0.008918 0.009084 14 4
1715371445 0.000077 0.000085 3.100272 3.100434 0 4
1715371446 0.000087 0.000090 6.579757 6.579934 0 4
1715371447 0.000088 0.000095 0.279677 0.279860 0 4
1715371448 0.000083 0.000091 0.844068 0.844242 12 4
1715371449 0.000084 0.000090 0.038391 0.038565 0 4
1715371450 0.000089 0.000093 0.276828 0.277010 9 4
1715371451 0.000082 0.000092 1.072350 1.072524 3 4
1715371452 0.000082 0.000088 3.605432 3.605602 3 4
1715371453 0.000074 0.000090 0.048789 0.048953 15 4
1715371454 0.000079 0.000088 3.944684 3.944851 13 4
1715371455 0.000068 0.000083 3.359707 3.359858 12 4
1715371456 0.000086 0.000093 0.818287 0.818466 6 4
1715371457 0.000096 0.000090 0.040619 0.040805 2 4
1715371458 0.000074 0.000089 0.631418 0.631581 12 4
1715371459 0.000090 0.000090 0.047954 0.048134 15 4
1715371460 0.000075 0.000089 3.227205 3.227369 0 4
1715371461 0.000062 0.000082 0.099588 0.099732 12 4
1715371462 0.000083 0.000087 0.090994 0.091164 13 4
1715371463 0.000074 0.000085 0.001961 0.002120 0 4
1715371464 0.000076 0.000083 0.112231 0.112390 12 4
1715371465 0.000086 0.000089 0.716846 0.717021 2 4
1715371466 0.000084 0.000088 13.888013 13.888185 0 4
1715371467 0.000067 0.000086 0.009258 0.009411 12 4
1715371468 0.000089 0.000091 0.009359 0.009539 8 4
1715371469 0.000088 0.000089 0.966680 0.966857 0 4
1715371470 0.000076 0.000088 0.050824 0.050988 0 4
1715371471 0.000098 0.000094 0.141322 0.141514 2 4
1715371472 0.000086 0.000093 0.709348 0.709527 0 4
1715371473 0.000085 0.000091 0.684817 0.684993 5 4
1715371474 0.000082 0.000089 0.279152 0.279323 12 4
1715371475 0.000067 0.000082 0.096586 0.096735 0 4
1715371476 0.000090 0.000092 0.076061 0.076243 6 4
1715371477 0.000079 0.000090 0.230694 0.230863 0 4
1715371478 0.000080 0.000088 0.081966 0.082134 28 4
1715371479 0.000083 0.000090 2.855814 2.855987 3 4
1715371480 0.000083 0.000090 0.588828 0.589001 12 4
1715371481 0.000083 0.000089 0.109643 0.109815 0 4
1715371482 0.000094 0.000093 0.459526 0.459713 1 4
1715371483 0.000088 0.000093 2.400969 2.401150 0 4
1715371484 0.000068 0.000082 5.955300 5.955450 24 4
1715371485 0.000084 0.000090 0.178841 0.179015 0 4
1715371486 0.000086 0.000089 0.068842 0.069017 2 4
1715371487 0.000081 0.000086 0.169863 0.170030 0 4
1715371488 0.000089 0.000091 0.950567 0.950747 3 4
1715371489 0.000081 0.000089 2.885896 2.886066 0 4
1715371490 0.000090 0.000091 0.091246 0.091427 2 4
1715371491 0.000091 0.000093 0.053767 0.053951 7 4
1715371492 0.000086 0.000088 0.056214 0.056388 2 4
1715371493 0.000078 0.000087 0.055404 0.055569 0 4
1715371494 0.000088 0.000091 1.556687 1.556866 14 4
1715371495 0.000081 0.000088 0.332375 0.332544 0 4
1715371496 0.000081 0.000088 4.345856 4.346025 13 4
1715371497 0.000079 0.000088 0.037625 0.037792 1 4
1715371498 0.000076 0.000086 11.176825 11.176987 0 4
1715371499 0.000091 0.000093 0.230224 0.230408 13 4
1715371500 0.000081 0.000089 3.201868 3.202038 9 4
1715371501 0.000083 0.000088 0.460689 0.460860 1 4
1715371502 0.000091 0.000093 7.902707 7.902891 0 4
1715371503 0.000093 0.000097 0.019125 0.019315 2 4
1715371504 0.000089 0.000089 0.062102 0.062280 4 4
1715371505 0.000080 0.000088 0.025196 0.025364 13 4
1715371506 0.000094 0.000092 1.522667 1.522853 1 4
1715371507 0.000074 0.000088 0.031826 0.031988 17 4
1715371508 0.000082 0.000087 121.935593 121.935762 0 4
1715371509 0.000084 0.000095 0.086002 0.086181 18 4
1715371510 0.000085 0.000089 0.001881 0.002055 0 4
1715371511 0.000095 0.000094 0.014022 0.014211 12 4
1715371512 0.000076 0.000085 0.072082 0.072243 0 4
1715371513 0.000079 0.000088 2.555777 2.555944 14 4
1715371514 0.000085 0.000092 1.681736 1.681913 6 4
1715371515 0.000072 0.000088 0.449286 0.449446 4 4
1715371516 0.000074 0.000087 0.417445 0.417606 0 4
1715371517 0.000097 0.000093 0.079425 0.079615 0 4
1715371518 0.000086 0.000092 1.194030 1.194208 2 4
1715371519 0.000086 0.000091 1.890978 1.891155 12 4
1715371520 0.000075 0.000086 0.014734 0.014895 0 4
1715371521 0.000084 0.000090 0.125654 0.125828 18 4
1715371522 0.000082 0.000089 0.013629 0.013800 0 4
1715371523 0.000079 0.000086 0.331890 0.332055 3 4
1715371524 0.000086 0.000089 0.019597 0.019772 14 4
1715371525 0.000085 0.000088 2.825402 2.825575 12 4
1715371526 0.000074 0.000086 0.030812 0.030972 0 4
1715371527 0.000087 0.000091 4.507175 4.507353 2 4
1715371528 0.000084 0.000090 1.818850 1.819024 0 4
1715371529 0.000087 0.000093 2.425712 2.425892 1 4
1715371530 0.000086 0.000089 1.856565 1.856740 6 4
1715371531 0.000088 0.000091 2.039390 2.039569 12 4
1715371532 0.000084 0.000090 36.726697 36.726871 3 4
1715371533 0.000094 0.000093 0.043224 0.043411 1 4
1715371534 0.000088 0.000092 0.080694 0.080874 13 4
1715371535 0.000089 0.000091 0.104597 0.104777 0 4
1715371536 0.000085 0.000093 0.195263 0.195441 13 4
1715371537 0.000084 0.000090 0.110853 0.111027 0 4
1715371538 0.000096 0.000095 1.074514 1.074705 0 4
1715371539 0.000087 0.000092 0.102148 0.102327 8 4
1715371540 0.000083 0.000090 0.037828 0.038001 5 4
1715371541 0.000081 0.000086 0.748368 0.748535 0 4
1715371542 0.000077 0.000087 278.151381 278.151545 0 4
1715371543 0.000084 0.000096 1.721898 1.722078 2 4
1715371544 0.000083 0.000091 0.039949 0.040123 0 4
1715371545 0.000090 0.000098 0.011430 0.011618 20 4
1715371546 0.000074 0.000085 2.279285 2.279444 1 4
1715371547 0.000077 0.000089 0.013466 0.013632 14 4
1715371548 0.000075 0.000084 0.100093 0.100252 0 4
1715371549 0.000088 0.000090 2.533247 2.533425 12 4
1715371550 0.000081 0.000090 0.478323 0.478494 2 4
1715371551 0.000075 0.000085 10.953184 10.953344 0 4
1715371552 0.000102 0.000098 0.050412 0.050612 4 4
1715371553 0.000091 0.000095 2.161543 2.161729 2 4
1715371554 0.000085 0.000089 0.243599 0.243773 3 4
1715371555 0.000082 0.000090 0.014545 0.014717 0 4
1715371556 0.000082 0.000086 0.023793 0.023961 0 4
1715371557 0.000074 0.000083 0.530992 0.531149 2 4
1715371558 0.000078 0.000087 0.030503 0.030668 0 4
1715371559 0.000076 0.000085 0.139810 0.139971 0 4
1715371560 0.000080 0.000087 0.022476 0.022643 16 4
1715371561 0.000081 0.000087 0.103443 0.103611 0 4
1715371562 0.000088 0.000091 82.449894 82.450073 0 4
1715371563 0.000081 0.000090 0.263758 0.263929 0 4
1715371564 0.000093 0.000099 0.012475 0.012667 34 4
1715371565 0.000074 0.000084 0.017625 0.017783 12 4
1715371566 0.000071 0.000084 0.045426 0.045581 0 4
1715371567 0.000086 0.000090 0.117392 0.117568 12 4
1715371568 0.000085 0.000091 1.578230 1.578406 1 4
1715371569 0.000086 0.000093 0.022785 0.022964 3 4
1715371570 0.000074 0.000084 0.785428 0.785586 15 4
1715371571 0.000085 0.000090 0.023254 0.023429 0 4
1715371572 0.000072 0.000084 0.011558 0.011714 2 4
1715371573 0.000084 0.000085 6.271562 6.271731 0 4
1715371574 0.000066 0.000085 0.402636 0.402787 12 4
1715371575 0.000082 0.000091 0.053164 0.053337 14 4
1715371576 0.000094 0.000093 0.142009 0.142196 0 4
1715371577 0.000077 0.000086 0.002639 0.002802 0 4
1715371578 0.000082 0.000086 0.233263 0.233431 0 4
1715371579 0.000099 0.000098 0.023140 0.023337 22 4
1715371580 0.000080 0.000086 1.099229 1.099395 3 4
1715371581 0.000080 0.000087 0.674742 0.674909 0 4
1715371582 0.000086 0.000092 0.001533 0.001711 21 4
1715371583 0.000082 0.000086 1.065965 1.066133 1 4
1715371584 0.000089 0.000092 0.056833 0.057014 5 4
1715371585 0.000085 0.000089 0.943025 0.943199 13 4
1715371586 0.000079 0.000090 0.006589 0.006758 0 4
1715371587 0.000071 0.000080 0.148162 0.148313 0 4
1715371588 0.000097 0.000092 0.684765 0.684954 4 4
1715371589 0.000083 0.000090 1.424734 1.424907 13 4
1715371590 0.000077 0.000089 0.082323 0.082489 12 4
1715371591 0.000083 0.000090 0.259097 0.259270 3 4
1715371592 0.000075 0.000089 0.132958 0.133122 2 4
1715371593 0.000083 0.000093 0.308202 0.308378 2 4
1715371594 0.000097 0.000092 0.165454 0.165643 6 4
1715371595 0.000081 0.000089 0.057838 0.058008 12 4
1715371596 0.000077 0.000084 1.500585 1.500746 0 4
1715371597 0.000089 0.000094 0.024937 0.025120 14 4
1715371598 0.000098 0.000094 1.983502 1.983694 0 4
1715371599 0.000077 0.000089 0.010496 0.010662 2 4
1715371600 0.000088 0.000088 0.053498 0.053674 0 4
1715371601 0.000089 0.000093 0.162314 0.162496 3 4
1715371602 0.000088 0.000094 0.015093 0.015275 6 4
1715371603 0.000081 0.000086 0.023882 0.024049 0 4
1715371604 0.000071 0.000083 0.098148 0.098302 1 4
1715371605 0.000090 0.000091 1.827430 1.827611 5 4
1715371606 0.000090 0.000092 0.149097 0.149279 1 4
1715371607 0.000084 0.000091 0.066051 0.066226 7 4
1715371608 0.000078 0.000087 0.169493 0.169658 0 4
1715371609 0.000086 0.000091 0.042929 0.043106 2 4
1715371610 0.000099 0.000094 0.502311 0.502504 0 4
1715371611 0.000076 0.000086 0.015411 0.015573 3 4
1715371612 0.000087 0.000088 0.936785 0.936960 0 4
1715371613 0.000084 0.000091 0.306199 0.306374 1 4
1715371614 0.000093 0.000091 0.028490 0.028674 0 4
1715371615 0.000079 0.000085 0.203350 0.203514 0 4
1715371616 0.000086 0.000092 0.553670 0.553848 0 4
1715371617 0.000090 0.000092 0.620215 0.620397 0 4
1715371618 0.000087 0.000088 0.066903 0.067078 0 4
1715371619 0.000093 0.000090 2.794067 2.794250 0 4
1715371620 0.000089 0.000093 0.048552 0.048734 16 4
1715371621 0.000077 0.000088 0.239218 0.239383 14 4
1715371622 0.000091 0.000095 0.198344 0.198530 15 4
1715371623 0.000087 0.000090 0.061963 0.062140 0 4
1715371624 0.000083 0.000088 2.424820 2.424991 7 4
1715371625 0.000080 0.000087 0.121115 0.121282 0 4
1715371626 0.000079 0.000088 0.255520 0.255687 0 4
1715371627 0.000082 0.000089 6.514939 6.515110 6 4
1715371628 0.000087 0.000092 1.103644 1.103823 14 4
1715371629 0.000090 0.000095 0.004924 0.005109 3 4
1715371630 0.000089 0.000089 1.362593 1.362771 0 4
1715371631 0.000078 0.000087 0.011827 0.011992 0 4
1715371632 0.000072 0.000081 0.386357 0.386510 1 4
1715371633 0.000080 0.000085 3.195816 3.195981 0 4
