1715367124 0.000085 0.000188 0.003751 0.004024 34 4
1715367125 0.000065 0.000092 0.004080 0.004237 12 4
1715367126 0.000105 0.000083 0.021664 0.021852 24 4
1715367127 0.000077 0.000088 0.485250 0.485415 34 4
1715367128 0.000053 0.000085 0.002795 0.002933 23 4
1715367129 0.000073 0.000089 0.034481 0.034643 12 4
1715367130 0.000087 0.000089 0.473121 0.473297 12 4
1715367131 0.000080 0.000099 0.041484 0.041663 0 4
1715367132 0.000091 0.000095 0.003229 0.003415 0 4
1715367133 0.000083 0.000087 0.050596 0.050766 23 4
1715367134 0.000069 0.000088 0.643147 0.643304 25 4
1715367135 0.000079 0.000099 0.022560 0.022738 12 4
1715367136 0.000095 0.000090 0.023395 0.023580 12 4
1715367137 0.000064 0.000087 0.002527 0.002678 23 4
1715367138 0.000059 0.000076 0.457292 0.457427 45 4
1715367139 0.000070 0.000084 0.009539 0.009693 14 4
1715367140 0.000062 0.000096 0.005003 0.005161 23 4
1715367141 0.000058 0.000077 0.003548 0.003683 24 4
1715367142 0.000076 0.000086 0.092169 0.092331 12 4
1715367143 0.000078 0.000087 0.256946 0.257111 23 4
1715367144 0.000075 0.000091 0.053465 0.053631 12 4
1715367145 0.000074 0.000090 0.086414 0.086578 12 4
1715367146 0.000056 0.000084 0.003557 0.003697 24 4
1715367147 0.000073 0.000095 4.478504 4.478672 12 4
1715367148 0.000067 0.000086 0.016987 0.017140 14 4
1715367149 0.000066 0.000080 57.151183 57.151329 14 4
1715367150 0.000057 0.000083 0.055362 0.055502 23 4
1715367151 0.000052 0.000077 0.914305 0.914434 0 4
1715367152 0.000085 0.000084 1.199833 1.200002 12 4
1715367153 0.000090 0.000090 0.267466 0.267646 2 4
1715367154 0.000072 0.000079 0.082831 0.082982 45 4
1715367155 0.000067 0.000079 0.131389 0.131535 23 4
1715367156 0.000074 0.000083 0.159735 0.159892 12 4
1715367157 0.000078 0.000081 0.167605 0.167764 34 4
1715367158 0.000074 0.000080 0.095123 0.095277 23 4
1715367159 0.000088 0.000087 1.111064 1.111239 12 4
1715367160 0.000050 0.000076 0.004933 0.005059 24 4
1715367161 0.000067 0.000074 0.001312 0.001453 34 4
1715367162 0.000059 0.000078 0.032464 0.032601 0 4
1715367163 0.000066 0.000078 0.001632 0.001776 12 4
1715367164 0.000054 0.000072 0.001621 0.001747 54 4
1715367165 0.000059 0.000074 0.024389 0.024522 0 4
1715367166 0.000044 0.000067 0.004142 0.004253 56 4
1715367167 0.000071 0.000080 0.038347 0.038498 12 4
1715367168 0.000069 0.000078 0.012456 0.012603 0 4
1715367169 0.000065 0.000078 0.009630 0.009773 12 4
1715367170 0.000060 0.000076 0.003786 0.003922 34 4
1715367171 0.000056 0.000075 0.011199 0.011330 23 4
1715367172 0.000065 0.000079 0.132136 0.132280 12 4
1715367173 0.000071 0.000077 0.017123 0.017271 36 4
1715367174 0.000060 0.000078 0.004043 0.004181 34 4
1715367175 0.000055 0.000078 0.187915 0.188048 0 4
1715367176 0.000085 0.000085 0.075086 0.075256 2 4
1715367177 0.000091 0.000080 0.005476 0.005647 12 4
1715367178 0.000073 0.000086 0.035861 0.036020 12 4
1715367179 0.000065 0.000077 0.006001 0.006143 24 4
1715367180 0.000049 0.000071 0.283124 0.283244 44 4
1715367181 0.000053 0.000079 0.001505 0.001637 34 4
1715367182 0.000079 0.000080 0.435210 0.435369 16 4
1715367183 0.000080 0.000082 0.004614 0.004776 0 4
1715367184 0.000053 0.000072 0.082397 0.082522 24 4
1715367185 0.000072 0.000085 0.120885 0.121042 12 4
1715367186 0.000070 0.000083 0.051608 0.051761 34 4
1715367187 0.000060 0.000080 0.032436 0.032576 34 4
1715367188 0.000073 0.000082 0.005777 0.005932 0 4
1715367189 0.000058 0.000074 0.002203 0.002335 54 4
1715367190 0.000052 0.000076 0.004264 0.004392 12 4
1715367191 0.000059 0.000076 0.032909 0.033044 12 4
1715367192 0.000077 0.000084 319.454426 319.454587 0 4
1715367193 0.000076 0.000086 1.384075 1.384237 0 4
1715367194 0.000060 0.000091 0.083612 0.083763 2 4
1715367195 0.000053 0.000079 0.001949 0.002081 12 4
1715367196 0.000066 0.000082 0.162079 0.162227 16 4
1715367197 0.000046 0.000072 0.061062 0.061180 23 4
1715367198 0.000053 0.000082 0.001421 0.001556 23 4
1715367199 0.000058 0.000079 0.158809 0.158946 24 4
1715367200 0.000052 0.000077 0.049207 0.049336 36 4
1715367201 0.000062 0.000082 0.018918 0.019062 0 4
1715367202 0.000054 0.000076 0.283078 0.283208 0 4
1715367203 0.000055 0.000077 0.012356 0.012488 36 4
1715367204 0.000047 0.000073 0.008867 0.008987 23 4
1715367205 0.000059 0.000075 0.037595 0.037729 23 4
1715367206 0.000069 0.000078 0.005991 0.006138 12 4
1715367207 0.000058 0.000076 0.368483 0.368617 24 4
1715367208 0.000088 0.000085 0.043340 0.043513 14 4
1715367209 0.000055 0.000072 0.001494 0.001621 54 4
1715367210 0.000069 0.000085 0.063925 0.064079 12 4
1715367211 0.000077 0.000079 0.196962 0.197118 24 4
1715367212 0.000065 0.000075 0.018101 0.018241 34 4
1715367213 0.000053 0.000073 0.159057 0.159183 12 4
1715367214 0.000073 0.000081 0.016093 0.016247 12 4
1715367215 0.000057 0.000074 0.001237 0.001368 24 4
1715367216 0.000048 0.000071 0.002923 0.003042 23 4
1715367217 0.000059 0.000077 0.021098 0.021234 24 4
1715367218 0.000071 0.000082 0.023694 0.023847 12 4
1715367219 0.000051 0.000083 0.001544 0.001678 23 4
1715367220 0.000055 0.000078 0.055111 0.055244 45 4
1715367221 0.000067 0.000085 0.034840 0.034992 0 4
1715367222 0.000068 0.000081 0.008090 0.008239 0 4
1715367223 0.000051 0.000074 0.001125 0.001250 34 4
1715367224 0.000067 0.000082 0.104125 0.104274 2 4
1715367225 0.000060 0.000079 6.776877 6.777016 34 4
1715367226 0.000054 0.000079 0.017144 0.017277 34 4
1715367227 0.000049 0.000074 0.010455 0.010578 23 4
1715367228 0.000063 0.000082 0.152364 0.152509 12 4
1715367229 0.000066 0.000083 0.146871 0.147020 12 4
1715367230 0.000060 0.000083 0.308970 0.309113 12 4
1715367231 0.000066 0.000085 0.154014 0.154165 12 4
1715367232 0.000060 0.000081 0.019108 0.019249 0 4
1715367233 0.000059 0.000080 0.001347 0.001486 24 4
1715367234 0.000065 0.000081 0.151523 0.151669 0 4
1715367235 0.000059 0.000081 0.009145 0.009285 0 4
1715367236 0.000052 0.000077 0.110815 0.110944 23 4
1715367237 0.000069 0.000086 7.688766 7.688921 0 4
1715367238 0.000073 0.000089 0.496126 0.496288 4 4
1715367239 0.000063 0.000084 0.041964 0.042111 12 4
1715367240 0.000042 0.000070 0.001328 0.001440 44 4
1715367241 0.000048 0.000073 0.026085 0.026206 23 4
1715367242 0.000055 0.000077 0.004604 0.004736 44 4
1715367243 0.000052 0.000075 0.001028 0.001155 34 4
1715367244 0.000051 0.000074 0.007270 0.007395 45 4
1715367245 0.000050 0.000075 0.021217 0.021342 12 4
1715367246 0.000051 0.000075 0.013731 0.013857 23 4
1715367247 0.000061 0.000081 0.003030 0.003172 16 4
1715367248 0.000049 0.000074 0.017609 0.017732 23 4
1715367249 0.000057 0.000077 0.332323 0.332457 12 4
1715367250 0.000056 0.000081 1.676145 1.676282 0 4
1715367251 0.000077 0.000082 0.091662 0.091821 12 4
1715367252 0.000077 0.000083 0.151228 0.151388 12 4
1715367253 0.000057 0.000078 0.008289 0.008424 23 4
1715367254 0.000063 0.000076 0.182459 0.182598 24 4
1715367255 0.000077 0.000083 0.003888 0.004048 0 4
1715367256 0.000068 0.000079 0.766162 0.766309 35 4
1715367257 0.000073 0.000081 0.023632 0.023786 25 4
1715367258 0.000061 0.000080 12.571279 12.571420 12 4
1715367259 0.000073 0.000080 0.002282 0.002435 23 4
1715367260 0.000052 0.000077 0.001157 0.001286 12 4
1715367261 0.000063 0.000081 2.662828 2.662972 12 4
1715367262 0.000054 0.000079 0.239167 0.239300 0 4
1715367263 0.000055 0.000081 0.002049 0.002185 37 4
1715367264 0.000059 0.000080 0.011145 0.011284 0 4
1715367265 0.000048 0.000074 0.001632 0.001754 0 4
1715367266 0.000043 0.000081 0.001298 0.001422 44 4
1715367267 0.000053 0.000073 0.691306 0.691432 23 4
1715367268 0.000053 0.000076 0.036002 0.036131 23 4
1715367269 0.000050 0.000075 0.011811 0.011936 24 4
1715367270 0.000054 0.000078 0.004269 0.004401 12 4
1715367271 0.000054 0.000076 0.010380 0.010510 12 4
1715367272 0.000056 0.000076 0.001722 0.001854 12 4
1715367273 0.000068 0.000082 118.302217 118.302367 0 4
1715367274 0.000051 0.000081 0.002781 0.002913 45 4
1715367275 0.000049 0.000075 0.006925 0.007049 23 4
1715367276 0.000058 0.000079 1.236316 1.236453 12 4
1715367277 0.000048 0.000079 0.003651 0.003778 54 4
1715367278 0.000063 0.000084 6.776677 6.776824 12 4
1715367279 0.000056 0.000078 0.007205 0.007339 34 4
1715367280 0.000068 0.000085 2.950255 2.950408 1 4
1715367281 0.000072 0.000089 2.681786 2.681947 0 4
1715367282 0.000061 0.000086 0.061267 0.061414 12 4
1715367283 0.000071 0.000080 0.006645 0.006796 23 4
1715367284 0.000057 0.000073 0.008188 0.008318 0 4
1715367285 0.000079 0.000085 0.028347 0.028511 12 4
1715367286 0.000058 0.000076 0.001916 0.002050 23 4
1715367287 0.000070 0.000080 0.762016 0.762166 0 4
1715367288 0.000063 0.000077 0.002255 0.002395 12 4
1715367289 0.000066 0.000080 0.002141 0.002287 0 4
1715367290 0.000059 0.000075 2.221365 2.221499 23 4
1715367291 0.000059 0.000099 0.603612 0.603770 12 4
1715367292 0.000055 0.000080 0.148221 0.148356 23 4
1715367293 0.000061 0.000082 0.011379 0.011522 0 4
1715367294 0.000068 0.000079 2.901861 2.902008 12 4
1715367295 0.000068 0.000079 0.010564 0.010711 44 4
1715367296 0.000070 0.000086 2.886951 2.887107 14 4
1715367297 0.000073 0.000089 0.176911 0.177073 0 4
1715367298 0.000069 0.000086 0.013521 0.013676 1 4
1715367299 0.000059 0.000077 0.003334 0.003470 34 4
1715367300 0.000066 0.000083 2.975747 2.975896 3 4
1715367301 0.000063 0.000085 0.872201 0.872349 12 4
1715367302 0.000063 0.000083 27.780018 27.780164 0 4
1715367303 0.000065 0.000086 0.015783 0.015934 12 4
1715367304 0.000069 0.000086 0.071062 0.071217 12 4
1715367305 0.000083 0.000081 0.007010 0.007174 0 4
1715367306 0.000073 0.000082 97.661336 97.661491 6 4
1715367307 0.000055 0.000082 0.022262 0.022399 0 4
1715367308 0.000048 0.000075 0.006482 0.006605 12 4
1715367309 0.000055 0.000077 0.003058 0.003190 34 4
1715367310 0.000060 0.000094 0.038371 0.038525 28 4
1715367311 0.000054 0.000070 0.175445 0.175569 44 4
1715367312 0.000085 0.000078 0.004496 0.004659 44 4
1715367313 0.000065 0.000081 0.023822 0.023968 23 4
1715367314 0.000067 0.000077 0.002134 0.002278 12 4
1715367315 0.000052 0.000074 0.029529 0.029655 12 4
1715367316 0.000059 0.000080 165.255866 165.256005 0 4
1715367317 0.000057 0.000082 0.084440 0.084579 44 4
1715367318 0.000054 0.000079 0.014905 0.015038 12 4
1715367319 0.000061 0.000081 0.022948 0.023090 0 4
1715367320 0.000061 0.000080 0.178614 0.178755 12 4
1715367321 0.000063 0.000080 0.048161 0.048304 23 4
1715367322 0.000066 0.000084 0.034925 0.035075 0 4
1715367323 0.000057 0.000076 0.244292 0.244425 23 4
1715367324 0.000057 0.000079 0.007678 0.007814 23 4
1715367325 0.000064 0.000079 0.035076 0.035219 0 4
1715367326 0.000068 0.000081 0.067937 0.068086 23 4
1715367327 0.000066 0.000098 0.008753 0.008917 0 4
1715367328 0.000063 0.000082 1.671938 1.672083 23 4
1715367329 0.000083 0.000086 1.639966 1.640135 0 4
1715367330 0.000062 0.000080 0.005770 0.005912 12 4
1715367331 0.000053 0.000077 0.003141 0.003271 23 4
1715367332 0.000052 0.000074 0.023460 0.023586 12 4
1715367333 0.000049 0.000074 0.078667 0.078790 12 4
1715367334 0.000052 0.000075 0.001688 0.001815 23 4
1715367335 0.000056 0.000075 0.048736 0.048867 24 4
1715367336 0.000063 0.000081 5.087367 5.087511 0 4
1715367337 0.000061 0.000079 0.087349 0.087489 40 4
1715367338 0.000060 0.000080 0.004483 0.004623 0 4
1715367339 0.000052 0.000080 0.072684 0.072816 0 4
1715367340 0.000069 0.000084 0.017985 0.018138 12 4
1715367341 0.000055 0.000077 0.695522 0.695654 24 4
1715367342 0.000056 0.000079 0.011084 0.011219 23 4
1715367343 0.000049 0.000072 0.073892 0.074013 24 4
1715367344 0.000048 0.000075 0.005159 0.005282 45 4
1715367345 0.000053 0.000075 0.038263 0.038391 12 4
1715367346 0.000058 0.000078 0.744572 0.744708 12 4
1715367347 0.000056 0.000077 0.004564 0.004697 23 4
1715367348 0.000065 0.000081 1.433594 1.433740 0 4
1715367349 0.000061 0.000081 10.001268 10.001410 0 4
1715367350 0.000053 0.000080 0.002206 0.002339 23 4
1715367351 0.000072 0.000086 1.156886 1.157044 0 4
1715367352 0.000070 0.000083 0.009414 0.009567 12 4
1715367353 0.000051 0.000075 0.002943 0.003069 24 4
1715367354 0.000051 0.000076 0.002289 0.002416 12 4
1715367355 0.000058 0.000076 0.006222 0.006356 0 4
1715367356 0.000055 0.000074 0.072522 0.072651 34 4
1715367357 0.000062 0.000082 0.003327 0.003471 13 4
1715367358 0.000055 0.000074 0.005904 0.006033 24 4
1715367359 0.000048 0.000072 0.004150 0.004270 34 4
1715367360 0.000053 0.000078 0.090082 0.090213 12 4
1715367361 0.000069 0.000084 0.010566 0.010719 12 4
1715367362 0.000046 0.000070 1.131861 1.131977 36 4
1715367363 0.000058 0.000080 0.017266 0.017404 12 4
1715367364 0.000083 0.000082 0.329951 0.330116 12 4
1715367365 0.000075 0.000077 0.010067 0.010219 24 4
1715367366 0.000052 0.000073 0.007520 0.007645 23 4
1715367367 0.000060 0.000076 0.003298 0.003434 23 4
1715367368 0.000045 0.000071 0.002122 0.002238 34 4
1715367369 0.000057 0.000079 0.008152 0.008288 0 4
1715367370 0.000058 0.000075 0.020768 0.020901 12 4
1715367371 0.000048 0.000067 0.121162 0.121277 54 4
1715367372 0.000079 0.000080 0.018096 0.018255 0 4
1715367373 0.000067 0.000076 0.123259 0.123402 23 4
1715367374 0.000074 0.000077 0.153411 0.153562 12 4
1715367375 0.000077 0.000082 20.927893 20.928052 0 4
1715367376 0.000058 0.000081 0.004791 0.004930 12 4
1715367377 0.000047 0.000072 0.002737 0.002856 12 4
1715367378 0.000062 0.000080 0.008455 0.008597 0 4
1715367379 0.000043 0.000069 0.012935 0.013047 54 4
1715367380 0.000051 0.000073 0.002450 0.002574 23 4
1715367381 0.000050 0.000071 0.001393 0.001514 45 4
1715367382 0.000058 0.000078 0.969201 0.969337 0 4
1715367383 0.000046 0.000074 0.001616 0.001736 23 4
1715367384 0.000049 0.000074 0.082862 0.082985 35 4
1715367385 0.000058 0.000081 0.001604 0.001743 0 4
1715367386 0.000053 0.000074 0.004602 0.004729 23 4
1715367387 0.000055 0.000073 0.003893 0.004021 23 4
1715367388 0.000051 0.000072 1.638591 1.638714 24 4
1715367389 0.000066 0.000089 0.065500 0.065655 23 4
1715367390 0.000060 0.000079 0.009343 0.009482 12 4
1715367391 0.000048 0.000071 0.003375 0.003494 45 4
1715367392 0.000047 0.000070 0.004348 0.004465 63 4
1715367393 0.000065 0.000082 0.268477 0.268624 0 4
1715367394 0.000063 0.000084 0.006310 0.006457 12 4
1715367395 0.000071 0.000084 0.125946 0.126101 24 4
1715367396 0.000062 0.000081 0.684882 0.685025 34 4
1715367397 0.000057 0.000079 0.003302 0.003438 12 4
1715367398 0.000064 0.000080 0.006383 0.006527 12 4
1715367399 0.000050 0.000073 0.003090 0.003213 12 4
1715367400 0.000053 0.000076 0.002574 0.002703 23 4
1715367401 0.000057 0.000078 0.003393 0.003528 12 4
1715367402 0.000074 0.000078 0.005622 0.005774 12 4
1715367403 0.000064 0.000075 0.082402 0.082541 12 4
1715367404 0.000058 0.000079 0.187700 0.187837 34 4
1715367405 0.000056 0.000077 0.018690 0.018823 12 4
1715367406 0.000065 0.000080 0.034441 0.034586 12 4
1715367407 0.000043 0.000069 0.023309 0.023421 54 4
1715367408 0.000064 0.000081 6.451353 6.451498 23 4
1715367409 0.000065 0.000086 0.011056 0.011207 12 4
1715367410 0.000061 0.000079 0.166086 0.166226 14 4
1715367411 0.000063 0.000083 0.100876 0.101022 0 4
1715367412 0.000061 0.000080 0.111172 0.111313 12 4
1715367413 0.000055 0.000079 0.769643 0.769777 34 4
1715367414 0.000064 0.000084 0.017257 0.017405 12 4
1715367415 0.000060 0.000077 0.011305 0.011442 24 4
1715367416 0.000058 0.000076 0.011950 0.012084 0 4
1715367417 0.000045 0.000070 0.001528 0.001643 34 4
1715367418 0.000056 0.000077 0.080283 0.080416 23 4
1715367419 0.000069 0.000084 0.035659 0.035812 41 4
1715367420 0.000057 0.000078 0.778191 0.778326 23 4
1715367421 0.000059 0.000079 0.010622 0.010760 23 4
1715367422 0.000071 0.000082 0.454080 0.454233 0 4
1715367423 0.000057 0.000078 0.015080 0.015215 24 4
1715367424 0.000047 0.000074 0.003938 0.004059 12 4
1715367425 0.000060 0.000079 0.031755 0.031894 34 4
1715367426 0.000064 0.000082 0.006386 0.006532 12 4
1715367427 0.000056 0.000076 0.289643 0.289775 23 4
1715367428 0.000051 0.000077 0.020829 0.020957 23 4
1715367429 0.000055 0.000076 0.013522 0.013653 23 4
1715367430 0.000067 0.000081 0.213323 0.213471 5 4
1715367431 0.000058 0.000082 0.470520 0.470660 24 4
1715367432 0.000054 0.000078 0.016217 0.016349 12 4
1715367433 0.000061 0.000079 2.747642 2.747782 0 4
1715367434 0.000072 0.000086 0.007741 0.007899 2 4
1715367435 0.000068 0.000079 4.923770 4.923917 0 4
1715367436 0.000051 0.000077 0.050462 0.050590 34 4
1715367437 0.000063 0.000080 3.085903 3.086046 12 4
1715367438 0.000063 0.000084 0.010626 0.010773 12 4
1715367439 0.000061 0.000072 0.003199 0.003332 25 4
1715367440 0.000066 0.000078 0.009013 0.009157 12 4
1715367441 0.000053 0.000073 0.015452 0.015578 24 4
1715367442 0.000066 0.000077 0.034406 0.034549 13 4
1715367443 0.000062 0.000083 0.072923 0.073068 12 4
1715367444 0.000068 0.000082 0.019580 0.019730 12 4
1715367445 0.000060 0.000078 0.004052 0.004190 0 4
1715367446 0.000061 0.000078 0.029228 0.029367 12 4
1715367447 0.000059 0.000078 0.015175 0.015312 0 4
1715367448 0.000057 0.000077 0.010216 0.010350 23 4
1715367449 0.000065 0.000081 1.269099 1.269245 1 4
1715367450 0.000065 0.000084 0.102564 0.102713 39 4
1715367451 0.000061 0.000080 0.020177 0.020318 12 4
1715367452 0.000062 0.000077 1.054009 1.054148 24 4
1715367453 0.000050 0.000075 0.006049 0.006174 34 4
1715367454 0.000056 0.000078 0.003539 0.003673 12 4
1715367455 0.000052 0.000074 0.071681 0.071807 12 4
1715367456 0.000069 0.000080 0.002848 0.002997 36 4
1715367457 0.000071 0.000076 0.015920 0.016067 12 4
1715367458 0.000073 0.000083 0.049896 0.050052 14 4
1715367459 0.000065 0.000078 0.013761 0.013904 0 4
1715367460 0.000058 0.000075 0.098120 0.098253 12 4
1715367461 0.000062 0.000081 0.602479 0.602622 12 4
1715367462 0.000055 0.000078 17.022337 17.022470 24 4
1715367463 0.000058 0.000079 0.004793 0.004930 24 4
1715367464 0.000058 0.000077 0.002874 0.003009 23 4
1715367465 0.000039 0.000066 0.000770 0.000875 54 4
1715367466 0.000061 0.000078 0.026360 0.026499 0 4
1715367467 0.000044 0.000070 0.159103 0.159217 12 4
1715367468 0.000064 0.000080 0.003331 0.003475 0 4
1715367469 0.000068 0.000081 0.001643 0.001792 0 4
1715367470 0.000075 0.000083 0.101073 0.101231 0 4
1715367471 0.000060 0.000080 0.075603 0.075743 12 4
1715367472 0.000058 0.000079 0.002014 0.002151 25 4
1715367473 0.000072 0.000075 0.005265 0.005412 23 4
1715367474 0.000060 0.000079 10.535267 10.535406 12 4
1715367475 0.000067 0.000085 0.007110 0.007262 0 4
1715367476 0.000067 0.000082 0.004743 0.004892 0 4
1715367477 0.000068 0.000081 0.072597 0.072746 12 4
1715367478 0.000067 0.000080 0.603573 0.603720 24 4
1715367479 0.000066 0.000085 0.060628 0.060779 12 4
1715367480 0.000069 0.000083 0.035599 0.035751 23 4
1715367481 0.000053 0.000076 0.095791 0.095920 44 4
1715367482 0.000054 0.000079 0.038419 0.038552 23 4
1715367483 0.000063 0.000083 0.002610 0.002756 12 4
1715367484 0.000054 0.000074 0.002200 0.002328 0 4
1715367485 0.000057 0.000076 0.040074 0.040207 12 4
1715367486 0.000063 0.000078 0.054396 0.054537 26 4
1715367487 0.000090 0.000083 0.026982 0.027155 0 4
1715367488 0.000065 0.000082 0.025130 0.025277 12 4
1715367489 0.000066 0.000082 0.128001 0.128149 0 4
1715367490 0.000054 0.000074 0.276445 0.276573 44 4
1715367491 0.000062 0.000081 0.662237 0.662380 0 4
1715367492 0.000067 0.000083 0.069874 0.070024 0 4
1715367493 0.000064 0.000083 11.484713 11.484860 1 4
1715367494 0.000053 0.000077 0.001594 0.001724 24 4
1715367495 0.000052 0.000075 0.002005 0.002132 24 4
1715367496 0.000056 0.000077 0.003117 0.003250 12 4
1715367497 0.000073 0.000085 0.071834 0.071992 0 4
1715367498 0.000067 0.000081 0.068817 0.068965 24 4
1715367499 0.000069 0.000083 1.239099 1.239251 12 4
1715367500 0.000061 0.000082 0.375927 0.376070 0 4
1715367501 0.000069 0.000082 1.140313 1.140464 0 4
1715367502 0.000058 0.000081 0.002731 0.002870 0 4
1715367503 0.000057 0.000078 0.013100 0.013235 12 4
1715367504 0.000059 0.000078 0.793241 0.793378 12 4
1715367505 0.000065 0.000081 0.001668 0.001814 12 4
1715367506 0.000060 0.000075 0.006147 0.006282 12 4
1715367507 0.000061 0.000077 0.058548 0.058686 12 4
1715367508 0.000063 0.000080 1.084942 1.085085 12 4
1715367509 0.000059 0.000079 0.865323 0.865461 12 4
1715367510 0.000074 0.000085 0.031078 0.031237 0 4
1715367511 0.000063 0.000080 0.653038 0.653181 12 4
1715367512 0.000079 0.000091 0.895750 0.895920 0 4
1715367513 0.000060 0.000080 0.085113 0.085253 12 4
1715367514 0.000051 0.000077 0.004078 0.004206 12 4
1715367515 0.000051 0.000075 0.021473 0.021599 12 4
1715367516 0.000054 0.000076 0.070682 0.070812 12 4
1715367517 0.000080 0.000079 0.084438 0.084597 12 4
1715367518 0.000051 0.000075 0.009988 0.010114 34 4
1715367519 0.000062 0.000078 1883.971563 1883.971703 0 4
1715367520 0.000054 0.000080 0.005673 0.005807 34 4
1715367521 0.000065 0.000082 0.004511 0.004658 23 4
1715367522 0.000053 0.000074 0.014230 0.014357 24 4
1715367523 0.000057 0.000077 0.004462 0.004596 0 4
1715367524 0.000063 0.000079 0.017299 0.017441 12 4
1715367525 0.000057 0.000077 0.025653 0.025787 23 4
1715367526 0.000050 0.000073 0.036617 0.036740 12 4
1715367527 0.000075 0.000088 1.808770 1.808933 0 4
1715367528 0.000069 0.000083 0.066501 0.066653 16 4
1715367529 0.000066 0.000084 0.030183 0.030333 34 4
1715367530 0.000059 0.000079 0.027703 0.027841 0 4
1715367531 0.000064 0.000079 0.009024 0.009167 24 4
1715367532 0.000056 0.000075 0.004554 0.004685 34 4
1715367533 0.000053 0.000075 0.698087 0.698215 34 4
1715367534 0.000055 0.000080 3.394557 3.394692 24 4
1715367535 0.000061 0.000082 2.342127 2.342270 0 4
1715367536 0.000067 0.000084 0.196433 0.196584 12 4
1715367537 0.000060 0.000080 0.023302 0.023442 12 4
1715367538 0.000063 0.000079 0.013801 0.013943 23 4
1715367539 0.000063 0.000077 0.023200 0.023340 13 4
1715367540 0.000055 0.000077 0.052226 0.052358 0 4
1715367541 0.000060 0.000079 0.741967 0.742106 34 4
1715367542 0.000066 0.000084 0.004094 0.004244 12 4
1715367543 0.000061 0.000078 0.005001 0.005140 12 4
1715367544 0.000057 0.000076 0.026960 0.027093 0 4
1715367545 0.000059 0.000079 1.176406 1.176544 0 4
1715367546 0.000057 0.000079 0.002942 0.003078 34 4
1715367547 0.000066 0.000079 0.010113 0.010258 12 4
1715367548 0.000059 0.000077 0.003914 0.004050 23 4
1715367549 0.000072 0.000081 0.103825 0.103978 1 4
1715367550 0.000049 0.000075 0.007738 0.007862 24 4
1715367551 0.000055 0.000075 0.503633 0.503763 0 4
1715367552 0.000065 0.000079 0.141852 0.141996 12 4
1715367553 0.000062 0.000082 0.200180 0.200324 0 4
1715367554 0.000059 0.000077 0.018227 0.018363 34 4
1715367555 0.000048 0.000072 0.002277 0.002397 23 4
1715367556 0.000048 0.000071 0.009527 0.009646 63 4
1715367557 0.000069 0.000073 0.011830 0.011972 0 4
1715367558 0.000057 0.000074 0.024347 0.024478 12 4
1715367559 0.000050 0.000074 0.011737 0.011861 23 4
1715367560 0.000057 0.000077 0.060395 0.060529 0 4
1715367561 0.000064 0.000081 0.499948 0.500093 0 4
1715367562 0.000060 0.000076 0.027385 0.027521 44 4
1715367563 0.000069 0.000081 0.303259 0.303409 0 4
1715367564 0.000062 0.000082 0.009110 0.009254 24 4
1715367565 0.000062 0.000080 0.026310 0.026452 23 4
1715367566 0.000057 0.000076 0.153664 0.153797 34 4
1715367567 0.000070 0.000086 0.023844 0.024000 12 4
1715367568 0.000065 0.000079 28.005784 28.005928 0 4
1715367569 0.000071 0.000088 0.002006 0.002165 12 4
1715367570 0.000062 0.000079 0.066295 0.066436 23 4
1715367571 0.000069 0.000085 0.369946 0.370100 12 4
1715367572 0.000068 0.000083 0.060307 0.060458 12 4
1715367573 0.000061 0.000080 0.107399 0.107540 12 4
1715367574 0.000057 0.000079 0.005680 0.005816 12 4
1715367575 0.000061 0.000079 0.005794 0.005934 34 4
1715367576 0.000053 0.000075 0.002385 0.002513 34 4
1715367577 0.000059 0.000079 0.433978 0.434116 12 4
1715367578 0.000056 0.000080 0.513484 0.513620 23 4
1715367579 0.000052 0.000076 0.011836 0.011964 0 4
1715367580 0.000051 0.000074 0.019733 0.019858 0 4
1715367581 0.000058 0.000076 0.004065 0.004199 0 4
1715367582 0.000063 0.000078 0.051385 0.051526 12 4
1715367583 0.000071 0.000086 0.238889 0.239046 0 4
1715367584 0.000062 0.000080 0.093753 0.093895 0 4
1715367585 0.000058 0.000080 0.011948 0.012086 23 4
1715367586 0.000059 0.000077 0.101258 0.101394 23 4
1715367587 0.000071 0.000084 0.045036 0.045191 0 4
1715367588 0.000069 0.000084 0.064238 0.064391 26 4
1715367589 0.000061 0.000079 0.111411 0.111551 34 4
1715367590 0.000057 0.000077 0.011225 0.011359 23 4
1715367591 0.000062 0.000080 0.041225 0.041367 12 4
1715367592 0.000060 0.000077 0.088596 0.088733 12 4
1715367593 0.000069 0.000082 0.215795 0.215946 0 4
1715367594 0.000065 0.000081 0.018183 0.018329 12 4
1715367595 0.000063 0.000082 0.816354 0.816499 13 4
1715367596 0.000080 0.000081 0.396524 0.396685 34 4
1715367597 0.000086 0.000089 0.541200 0.541375 12 4
1715367598 0.000049 0.000073 0.001346 0.001468 34 4
1715367599 0.000064 0.000081 13.757365 13.757510 37 4
1715367600 0.000065 0.000085 0.082437 0.082587 23 4
1715367601 0.000079 0.000088 0.512708 0.512875 12 4
1715367602 0.000057 0.000078 0.447166 0.447301 0 4
1715367603 0.000074 0.000087 9.307121 9.307282 0 4
1715367604 0.000051 0.000079 0.490271 0.490401 45 4
1715367605 0.000064 0.000080 0.001843 0.001987 12 4
1715367606 0.000058 0.000076 0.181225 0.181359 24 4
1715367607 0.000064 0.000081 0.051605 0.051750 12 4
1715367608 0.000090 0.000082 0.025502 0.025674 0 4
1715367609 0.000064 0.000073 0.008585 0.008722 12 4
1715367610 0.000071 0.000079 0.133048 0.133198 27 4
1715367611 0.000064 0.000098 0.003607 0.003769 0 4
1715367612 0.000063 0.000080 1.548874 1.549017 13 4
1715367613 0.000065 0.000083 0.149732 0.149880 0 4
1715367614 0.000056 0.000078 0.093943 0.094077 12 4
1715367615 0.000084 0.000081 0.007090 0.007255 12 4
1715367616 0.000064 0.000080 0.060037 0.060181 0 4
1715367617 0.000060 0.000079 0.191909 0.192048 13 4
1715367618 0.000065 0.000082 0.033261 0.033408 0 4
1715367619 0.000070 0.000084 0.892197 0.892351 8 4
1715367620 0.000064 0.000085 0.082467 0.082616 13 4
1715367621 0.000060 0.000080 0.246264 0.246404 0 4
1715367622 0.000055 0.000078 0.016988 0.017121 34 4
1715367623 0.000056 0.000075 0.019022 0.019153 34 4
1715367624 0.000085 0.000083 153.895125 153.895293 16 4
1715367625 0.000058 0.000081 0.001627 0.001766 0 4
1715367626 0.000055 0.000075 0.011313 0.011443 24 4
1715367627 0.000052 0.000075 0.007706 0.007833 24 4
1715367628 0.000057 0.000077 0.014555 0.014689 24 4
1715367629 0.000059 0.000077 0.003110 0.003246 12 4
1715367630 0.000053 0.000071 0.017835 0.017959 45 4
1715367631 0.000058 0.000076 0.052754 0.052888 12 4
1715367632 0.000051 0.000077 0.004615 0.004743 24 4
1715367633 0.000051 0.000072 0.008128 0.008251 56 4
1715367634 0.000061 0.000086 3.454863 3.455010 0 4
1715367635 0.000063 0.000082 0.021133 0.021278 12 4
1715367636 0.000063 0.000081 0.454345 0.454489 23 4
1715367637 0.000062 0.000081 0.003187 0.003330 23 4
1715367638 0.000059 0.000077 6.645634 6.645770 12 4
1715367639 0.000067 0.000083 0.371456 0.371606 0 4
1715367640 0.000063 0.000081 0.001741 0.001885 23 4
1715367641 0.000072 0.000083 0.012018 0.012173 23 4
1715367642 0.000058 0.000079 0.029835 0.029972 12 4
1715367643 0.000059 0.000079 0.272500 0.272638 12 4
1715367644 0.000065 0.000083 0.003340 0.003488 0 4
1715367645 0.000062 0.000082 0.020639 0.020783 0 4
1715367646 0.000072 0.000082 1.772875 1.773029 12 4
1715367647 0.000068 0.000085 0.060396 0.060549 12 4
1715367648 0.000060 0.000082 0.004542 0.004684 12 4
1715367649 0.000068 0.000081 4.348812 4.348961 0 4
1715367650 0.000046 0.000075 0.003298 0.003419 12 4
1715367651 0.000060 0.000076 0.004723 0.004859 0 4
1715367652 0.000066 0.000078 0.006488 0.006632 12 4
1715367653 0.000052 0.000072 0.003552 0.003676 24 4
1715367654 0.000059 0.000075 0.002307 0.002441 34 4
1715367655 0.000072 0.000082 0.283400 0.283554 0 4
1715367656 0.000062 0.000080 0.010363 0.010505 24 4
1715367657 0.000070 0.000080 0.047606 0.047756 0 4
1715367658 0.000069 0.000083 0.163137 0.163289 0 4
1715367659 0.000055 0.000078 0.004084 0.004217 34 4
1715367660 0.000063 0.000080 0.082254 0.082397 23 4
1715367661 0.000061 0.000078 0.001978 0.002117 34 4
1715367662 0.000060 0.000077 0.001218 0.001355 34 4
1715367663 0.000050 0.000074 0.005346 0.005470 23 4
1715367664 0.000066 0.000074 0.005544 0.005684 23 4
1715367665 0.000054 0.000076 0.003623 0.003753 34 4
1715367666 0.000065 0.000078 1.461567 1.461710 12 4
1715367667 0.000061 0.000079 0.057542 0.057682 23 4
1715367668 0.000061 0.000079 0.009423 0.009563 24 4
1715367669 0.000061 0.000078 1.866969 1.867108 0 4
1715367670 0.000058 0.000078 0.001815 0.001951 12 4
1715367671 0.000066 0.000082 0.013156 0.013304 0 4
1715367672 0.000065 0.000085 0.007847 0.007997 36 4
1715367673 0.000069 0.000081 0.005000 0.005150 12 4
1715367674 0.000074 0.000083 0.099811 0.099968 12 4
1715367675 0.000058 0.000077 0.005340 0.005475 34 4
1715367676 0.000072 0.000083 0.205221 0.205376 12 4
1715367677 0.000061 0.000079 0.003593 0.003733 23 4
1715367678 0.000063 0.000078 0.007677 0.007818 23 4
1715367679 0.000056 0.000075 0.279733 0.279864 24 4
1715367680 0.000058 0.000079 0.001572 0.001709 24 4
1715367681 0.000063 0.000080 0.021429 0.021572 0 4
1715367682 0.000056 0.000077 0.029318 0.029451 24 4
1715367683 0.000057 0.000079 0.003714 0.003850 24 4
1715367684 0.000069 0.000083 0.329405 0.329557 12 4
1715367685 0.000058 0.000078 0.035428 0.035564 12 4
1715367686 0.000051 0.000073 0.002558 0.002682 23 4
1715367687 0.000060 0.000076 0.019298 0.019434 12 4
1715367688 0.000068 0.000083 18.213900 18.214051 0 4
1715367689 0.000055 0.000082 0.227752 0.227889 23 4
1715367690 0.000064 0.000083 0.159128 0.159275 12 4
1715367691 0.000057 0.000079 0.059804 0.059940 34 4
1715367692 0.000060 0.000079 1.227769 1.227908 0 4
1715367693 0.000069 0.000083 0.064075 0.064227 12 4
1715367694 0.000082 0.000082 0.031176 0.031340 24 4
1715367695 0.000056 0.000077 0.216734 0.216867 12 4
1715367696 0.000056 0.000074 3.278263 3.278393 23 4
1715367697 0.000065 0.000085 0.015856 0.016006 29 4
1715367698 0.000070 0.000085 0.003483 0.003638 0 4
1715367699 0.000053 0.000077 0.018728 0.018858 0 4
1715367700 0.000053 0.000076 0.133644 0.133773 0 4
1715367701 0.000065 0.000081 6.645157 6.645303 12 4
1715367702 0.000059 0.000081 0.007355 0.007495 23 4
1715367703 0.000066 0.000082 0.989345 0.989493 0 4
1715367704 0.000057 0.000075 0.024039 0.024171 12 4
1715367705 0.000063 0.000080 0.071057 0.071200 2 4
1715367706 0.000054 0.000076 0.001312 0.001442 34 4
1715367707 0.000055 0.000074 0.001497 0.001626 12 4
1715367708 0.000067 0.000080 0.007242 0.007389 12 4
1715367709 0.000055 0.000075 0.006034 0.006164 34 4
1715367710 0.000053 0.000074 0.002340 0.002467 23 4
1715367711 0.000050 0.000070 0.023468 0.023588 34 4
1715367712 0.000061 0.000077 0.107983 0.108121 0 4
1715367713 0.000079 0.000079 0.075719 0.075877 13 4
1715367714 0.000068 0.000085 0.355605 0.355758 0 4
1715367715 0.000054 0.000075 6.757538 6.757667 23 4
1715367716 0.000079 0.000083 0.001345 0.001507 24 4
1715367717 0.000080 0.000087 5.183652 5.183819 0 4
1715367718 0.000067 0.000084 0.336193 0.336344 12 4
1715367719 0.000084 0.000082 0.044163 0.044329 12 4
1715367720 0.000068 0.000075 0.001239 0.001382 54 4
1715367721 0.000059 0.000075 0.071952 0.072086 25 4
1715367722 0.000091 0.000089 0.209074 0.209254 12 4
1715367723 0.000060 0.000080 0.695249 0.695389 12 4
1715367724 0.000075 0.000084 111.783952 111.784111 12 4
1715367725 0.000059 0.000082 0.017943 0.018084 34 4
1715367726 0.000061 0.000078 0.522020 0.522159 26 4
1715367727 0.000065 0.000082 0.295952 0.296099 12 4
1715367728 0.000060 0.000080 1.279631 1.279771 0 4
1715367729 0.000062 0.000079 0.364903 0.365044 54 4
1715367730 0.000071 0.000083 0.023633 0.023787 0 4
1715367731 0.000062 0.000078 0.033400 0.033540 0 4
1715367732 0.000060 0.000076 0.050572 0.050708 0 4
1715367733 0.000074 0.000085 0.044909 0.045068 12 4
1715367734 0.000060 0.000078 0.014962 0.015100 23 4
1715367735 0.000058 0.000077 0.001682 0.001817 23 4
1715367736 0.000050 0.000074 0.020453 0.020577 12 4
1715367737 0.000066 0.000080 0.017446 0.017592 0 4
1715367738 0.000053 0.000075 0.026221 0.026349 34 4
1715367739 0.000058 0.000078 0.002396 0.002532 23 4
1715367740 0.000062 0.000080 9.850466 9.850608 23 4
1715367741 0.000061 0.000082 0.005157 0.005300 12 4
1715367742 0.000083 0.000082 0.008107 0.008272 23 4
1715367743 0.000062 0.000076 0.389737 0.389875 12 4
1715367744 0.000066 0.000082 1.646213 1.646361 0 4
1715367745 0.000064 0.000082 0.018481 0.018627 24 4
1715367746 0.000067 0.000080 0.046151 0.046298 0 4
1715367747 0.000059 0.000077 0.005415 0.005551 24 4
1715367748 0.000055 0.000073 0.058392 0.058520 36 4
1715367749 0.000073 0.000080 0.002353 0.002506 24 4
1715367750 0.000074 0.000091 0.342009 0.342174 14 4
1715367751 0.000058 0.000076 0.008076 0.008210 12 4
1715367752 0.000063 0.000079 0.016303 0.016445 0 4
1715367753 0.000057 0.000077 0.049279 0.049413 34 4
1715367754 0.000065 0.039537 0.006610 0.046212 12 4
1715367755 0.000073 0.000083 0.006738 0.006894 0 4
1715367756 0.000057 0.000076 0.002902 0.003035 24 4
1715367757 0.000046 0.000069 0.002193 0.002308 44 4
1715367758 0.000057 0.000076 0.004883 0.005016 23 4
1715367759 0.000062 0.000077 0.097837 0.097976 23 4
1715367760 0.000068 0.000082 0.011388 0.011538 0 4
1715367761 0.000066 0.000079 0.032591 0.032736 0 4
1715367762 0.000065 0.000079 0.076086 0.076230 0 4
1715367763 0.000084 0.000083 0.059025 0.059192 12 4
1715367764 0.000077 0.000086 0.228156 0.228319 12 4
1715367765 0.000055 0.000076 0.004293 0.004424 24 4
1715367766 0.000058 0.000077 0.022838 0.022973 12 4
1715367767 0.000062 0.000078 1.191618 1.191758 12 4
1715367768 0.000065 0.000080 0.003393 0.003538 23 4
1715367769 0.000151 0.000091 0.031760 0.032002 13 4
1715367770 0.000055 0.000075 0.002059 0.002189 36 4
1715367771 0.000052 0.000073 0.001460 0.001585 34 4
1715367772 0.000053 0.000073 0.009797 0.009923 12 4
1715367773 0.000057 0.000076 0.022258 0.022391 26 4
1715367774 0.000060 0.000072 0.005294 0.005426 45 4
1715367775 0.000052 0.000082 0.049374 0.049508 23 4
1715367776 0.000055 0.000077 0.032973 0.033105 23 4
1715367777 0.000069 0.000076 0.064340 0.064485 12 4
1715367778 0.000066 0.000079 0.004124 0.004269 44 4
1715367779 0.000069 0.000085 1.602521 1.602675 0 4
1715367780 0.000078 0.000085 0.560924 0.561087 1 4
1715367781 0.000071 0.000081 0.188529 0.188681 12 4
1715367782 0.000057 0.000076 0.004084 0.004217 12 4
1715367783 0.000063 0.000078 0.055421 0.055562 12 4
1715367784 0.000064 0.000082 0.024927 0.025073 12 4
1715367785 0.000058 0.000077 0.006668 0.006803 12 4
1715367786 0.000061 0.000080 0.265814 0.265955 23 4
1715367787 0.000067 0.000082 1.292422 1.292571 12 4
1715367788 0.000056 0.000080 0.013508 0.013644 23 4
1715367789 0.000058 0.000077 0.316620 0.316755 23 4
1715367790 0.000072 0.000090 0.019578 0.019740 0 4
1715367791 0.000072 0.000087 0.002420 0.002579 12 4
1715367792 0.000071 0.000087 1.851185 1.851343 0 4
1715367793 0.000074 0.000087 0.015885 0.016046 0 4
1715367794 0.000063 0.000079 0.002052 0.002194 24 4
1715367795 0.000050 0.000073 0.095439 0.095562 23 4
1715367796 0.000064 0.000080 0.112967 0.113111 24 4
1715367797 0.000064 0.000080 0.002340 0.002484 12 4
1715367798 0.000055 0.000074 0.011860 0.011989 34 4
1715367799 0.000068 0.000080 0.038946 0.039094 0 4
1715367800 0.000061 0.000078 0.812115 0.812254 0 4
1715367801 0.000059 0.000079 0.012343 0.012481 12 4
1715367802 0.000069 0.000074 0.022462 0.022605 23 4
1715367803 0.000051 0.000070 0.001651 0.001772 34 4
1715367804 0.000053 0.000073 0.004288 0.004414 12 4
1715367805 0.000053 0.000072 0.211817 0.211942 36 4
1715367806 0.000056 0.000079 0.038230 0.038365 0 4
1715367807 0.000064 0.000081 0.048941 0.049086 0 4
1715367808 0.000064 0.000081 0.477423 0.477568 12 4
1715367809 0.000069 0.000083 0.100449 0.100601 0 4
1715367810 0.000055 0.000077 0.044117 0.044249 12 4
1715367811 0.000057 0.000077 0.317823 0.317957 12 4
1715367812 0.000073 0.000088 0.023536 0.023697 0 4
1715367813 0.000061 0.000080 0.008070 0.008211 0 4
1715367814 0.000062 0.000080 1.697430 1.697572 0 4
1715367815 0.000060 0.000081 0.002266 0.002407 12 4
1715367816 0.000064 0.000078 3.471748 3.471890 0 4
1715367817 0.000077 0.000086 0.014877 0.015040 0 4
1715367818 0.000053 0.000076 3.223116 3.223245 12 4
1715367819 0.000063 0.000083 0.007869 0.008015 3 4
1715367820 0.000056 0.000076 0.013670 0.013802 0 4
1715367821 0.000056 0.000080 0.895066 0.895202 23 4
1715367822 0.000064 0.000079 0.004298 0.004441 0 4
1715367823 0.000057 0.000075 0.173784 0.173916 12 4
1715367824 0.000091 0.000090 0.005695 0.005876 0 4
1715367825 0.000066 0.000075 0.004783 0.004924 12 4
1715367826 0.000069 0.000078 0.001352 0.001499 23 4
1715367827 0.000047 0.000071 0.002044 0.002162 45 4
1715367828 0.000063 0.000076 0.005819 0.005958 34 4
1715367829 0.000061 0.000076 0.011507 0.011644 12 4
1715367830 0.000058 0.000076 0.098741 0.098875 23 4
1715367831 0.000069 0.000083 1.344834 1.344986 0 4
1715367832 0.000064 0.000083 0.009301 0.009448 12 4
1715367833 0.000051 0.000072 1.571003 1.571126 23 4
1715367834 0.000067 0.000083 0.079652 0.079802 13 4
1715367835 0.000046 0.000073 0.003795 0.003914 54 4
1715367836 0.000048 0.000070 0.012849 0.012967 44 4
1715367837 0.000056 0.000078 0.001839 0.001973 12 4
1715367838 0.000066 0.000075 0.389709 0.389850 12 4
1715367839 0.000067 0.000082 6.052254 6.052403 24 4
1715367840 0.000062 0.000082 0.022933 0.023077 34 4
1715367841 0.000064 0.000079 0.005187 0.005330 12 4
1715367842 0.000053 0.000074 0.010253 0.010380 23 4
1715367843 0.000051 0.000073 0.001285 0.001409 36 4
1715367844 0.000056 0.000075 0.182856 0.182987 1 4
1715367845 0.000063 0.000081 0.769104 0.769248 12 4
1715367846 0.000068 0.000086 0.585410 0.585564 7 4
1715367847 0.000060 0.000083 0.000995 0.001138 12 4
1715367848 0.000059 0.000080 0.012554 0.012693 24 4
1715367849 0.000064 0.000083 0.002704 0.002851 26 4
1715367850 0.000065 0.000085 1.331231 1.331381 0 4
1715367851 0.000067 0.000087 0.016088 0.016242 12 4
1715367852 0.000055 0.000076 0.001967 0.002098 23 4
1715367853 0.000056 0.000076 0.055216 0.055348 24 4
1715367854 0.000065 0.000080 0.014624 0.014769 0 4
1715367855 0.000058 0.000077 0.017642 0.017777 0 4
1715367856 0.000050 0.000073 0.001094 0.001217 24 4
1715367857 0.000060 0.000075 0.064306 0.064441 45 4
1715367858 0.000059 0.000077 0.664553 0.664689 34 4
1715367859 0.000059 0.000077 0.003800 0.003936 44 4
1715367860 0.000061 0.000076 0.020729 0.020866 2 4
1715367861 0.000050 0.000073 0.062408 0.062531 23 4
1715367862 0.000063 0.000083 0.008563 0.008709 24 4
1715367863 0.000064 0.000079 1.013175 1.013318 26 4
1715367864 0.000060 0.000080 0.658140 0.658280 12 4
1715367865 0.000053 0.000075 0.009793 0.009921 34 4
1715367866 0.000059 0.000076 1.224096 1.224231 24 4
1715367867 0.000064 0.000082 0.011794 0.011940 12 4
1715367868 0.000068 0.000080 0.316917 0.317065 12 4
1715367869 0.000053 0.000074 0.006235 0.006362 44 4
1715367870 0.000060 0.000077 0.005849 0.005986 24 4
1715367871 0.000066 0.000082 0.562798 0.562946 24 4
1715367872 0.000059 0.000077 0.013412 0.013548 45 4
1715367873 0.000056 0.000077 0.369782 0.369915 0 4
1715367874 0.000073 0.000090 0.077804 0.077967 12 4
1715367875 0.000060 0.000079 0.134090 0.134229 24 4
1715367876 0.000067 0.000081 0.056613 0.056761 23 4
1715367877 0.000071 0.000083 0.015225 0.015379 12 4
1715367878 0.000064 0.000079 0.026707 0.026850 0 4
1715367879 0.000072 0.000082 0.125207 0.125361 3 4
1715367880 0.000077 0.000088 0.208397 0.208562 0 4
1715367881 0.000065 0.000081 0.006109 0.006255 0 4
1715367882 0.000059 0.000076 0.219662 0.219797 34 4
1715367883 0.000064 0.000079 0.003598 0.003741 0 4
1715367884 0.000054 0.000076 0.103241 0.103371 12 4
1715367885 0.000059 0.000078 0.001991 0.002128 13 4
1715367886 0.000070 0.000080 1.085757 1.085907 23 4
1715367887 0.000076 0.000087 1.160629 1.160792 3 4
1715367888 0.000072 0.000086 0.003826 0.003984 12 4
1715367889 0.000069 0.000080 0.623606 0.623755 14 4
1715367890 0.000062 0.000079 0.192754 0.192895 23 4
1715367891 0.000068 0.000084 0.015783 0.015935 12 4
1715367892 0.000066 0.000081 0.009974 0.010121 24 4
1715367893 0.000063 0.000079 0.002210 0.002352 12 4
1715367894 0.000055 0.000077 0.042580 0.042712 23 4
1715367895 0.000069 0.000084 0.200436 0.200589 14 4
1715367896 0.000067 0.000081 0.057077 0.057225 12 4
1715367897 0.000074 0.000085 30.586629 30.586788 0 4
1715367898 0.000067 0.000085 0.091967 0.092119 24 4
1715367899 0.000054 0.000076 0.001414 0.001544 12 4
1715367900 0.000048 0.000069 0.035083 0.035200 34 4
1715367901 0.000063 0.000079 0.002137 0.002279 12 4
1715367902 0.000071 0.000083 0.038225 0.038379 0 4
1715367903 0.000059 0.000077 0.002823 0.002959 24 4
1715367904 0.000057 0.000075 0.012656 0.012788 0 4
1715367905 0.000059 0.000077 0.002348 0.002484 12 4
1715367906 0.000048 0.000071 0.007041 0.007160 45 4
1715367907 0.000059 0.000077 0.005347 0.005483 24 4
1715367908 0.000078 0.000085 0.047071 0.047234 0 4
1715367909 0.000064 0.000078 0.004337 0.004479 34 4
1715367910 0.000065 0.000079 0.759352 0.759496 12 4
1715367911 0.000060 0.000080 0.009973 0.010113 23 4
1715367912 0.000052 0.000074 0.002085 0.002211 34 4
1715367913 0.000054 0.000072 0.049575 0.049701 34 4
1715367914 0.000067 0.000080 0.010774 0.010921 12 4
1715367915 0.000064 0.000080 0.347387 0.347531 1 4
1715367916 0.000074 0.000084 0.032912 0.033070 0 4
1715367917 0.000056 0.000098 0.001570 0.001724 24 4
1715367918 0.000052 0.000074 0.090582 0.090708 34 4
1715367919 0.000073 0.000086 0.009157 0.009316 0 4
1715367920 0.000076 0.000079 0.154013 0.154168 12 4
1715367921 0.000064 0.000083 0.006108 0.006255 23 4
1715367922 0.000066 0.000079 0.003207 0.003352 23 4
1715367923 0.000066 0.000080 0.010846 0.010992 0 4
1715367924 0.000071 0.000083 1.928386 1.928540 12 4
1715367925 0.000065 0.000080 1.071125 1.071270 23 4
1715367926 0.000052 0.000073 0.002467 0.002592 34 4
1715367927 0.000055 0.000074 0.007418 0.007547 34 4
1715367928 0.000061 0.000076 0.002464 0.002601 12 4
1715367929 0.000062 0.000080 0.064094 0.064236 12 4
1715367930 0.000060 0.000077 0.006861 0.006998 45 4
1715367931 0.000071 0.000081 0.030585 0.030737 12 4
1715367932 0.000062 0.000079 0.079420 0.079561 23 4
1715367933 0.000055 0.000075 0.001807 0.001937 34 4
1715367934 0.000056 0.000077 0.002341 0.002474 12 4
1715367935 0.000061 0.000076 0.010874 0.011011 34 4
1715367936 0.000067 0.000084 0.056980 0.057131 0 4
1715367937 0.000059 0.000078 0.006749 0.006886 12 4
1715367938 0.000055 0.000074 0.008240 0.008369 23 4
1715367939 0.000057 0.000075 0.013958 0.014090 12 4
1715367940 0.000073 0.000081 3.602295 3.602449 13 4
1715367941 0.000072 0.000085 0.004190 0.004347 12 4
1715367942 0.000068 0.000078 0.100833 0.100979 0 4
1715367943 0.000063 0.000079 0.085338 0.085480 36 4
1715367944 0.000067 0.000080 0.014692 0.014839 0 4
1715367945 0.000061 0.000074 0.043993 0.044128 12 4
1715367946 0.000056 0.000076 0.002840 0.002972 0 4
1715367947 0.000070 0.000078 0.135336 0.135484 12 4
1715367948 0.000070 0.000086 0.014418 0.014574 17 4
1715367949 0.000070 0.000081 1.876952 1.877103 0 4
1715367950 0.000061 0.000081 0.011672 0.011814 12 4
1715367951 0.000058 0.000079 0.004204 0.004341 12 4
1715367952 0.000062 0.000078 0.007115 0.007255 12 4
1715367953 0.000060 0.000078 0.006813 0.006951 0 4
1715367954 0.000072 0.000083 0.175818 0.175973 0 4
1715367955 0.000091 0.000087 0.007222 0.007400 24 4
1715367956 0.000056 0.000075 0.001326 0.001457 24 4
1715367957 0.000061 0.000078 0.061550 0.061689 12 4
1715367958 0.000066 0.000080 0.006274 0.006420 12 4
1715367959 0.000054 0.000072 7.915947 7.916073 12 4
1715367960 0.000061 0.000085 0.056114 0.056260 12 4
1715367961 0.000072 0.000086 0.006267 0.006425 24 4
1715367962 0.000065 0.000084 4.437654 4.437803 0 4
1715367963 0.000044 0.000073 0.012187 0.012304 72 4
1715367964 0.000060 0.000076 0.001671 0.001807 24 4
1715367965 0.000063 0.000080 0.156566 0.156709 0 4
1715367966 0.000077 0.000078 0.007555 0.007710 23 4
1715367967 0.000063 0.000074 0.026603 0.026740 34 4
1715367968 0.000078 0.000077 0.528198 0.528353 0 4
1715367969 0.000083 0.000079 0.022530 0.022692 34 4
1715367970 0.000075 0.000081 0.003922 0.004078 24 4
1715367971 0.000058 0.000074 0.461958 0.462090 23 4
1715367972 0.000067 0.000076 0.001847 0.001990 23 4
1715367973 0.000059 0.000078 0.009818 0.009955 12 4
1715367974 0.000065 0.000079 0.014940 0.015084 12 4
1715367975 0.000070 0.000082 0.088147 0.088299 12 4
1715367976 0.000055 0.000076 0.068153 0.068284 24 4
1715367977 0.000064 0.000081 0.075512 0.075657 17 4
1715367978 0.000071 0.000083 0.023885 0.024039 23 4
1715367979 0.000065 0.000079 0.003657 0.003801 44 4
1715367980 0.000059 0.000077 0.223940 0.224076 12 4
1715367981 0.000070 0.000083 0.002059 0.002212 0 4
1715367982 0.000074 0.000082 0.108451 0.108607 0 4
1715367983 0.000089 0.000085 0.027546 0.027720 12 4
1715367984 0.000061 0.000080 0.008697 0.008838 12 4
1715367985 0.000062 0.000079 0.327820 0.327961 0 4
1715367986 0.000060 0.000078 1.133457 1.133595 12 4
1715367987 0.000066 0.000086 0.174780 0.174932 12 4
1715367988 0.000064 0.000080 0.103664 0.103808 0 4
1715367989 0.000068 0.000084 0.013832 0.013984 12 4
1715367990 0.000078 0.000086 17.658018 17.658182 0 4
1715367991 0.000059 0.000081 0.004089 0.004229 12 4
1715367992 0.000061 0.000078 0.003606 0.003745 12 4
1715367993 0.000051 0.000071 0.163310 0.163432 45 4
1715367994 0.000073 0.000092 3.583966 3.584131 12 4
1715367995 0.000066 0.000083 0.409897 0.410046 0 4
1715367996 0.000062 0.000078 0.017711 0.017851 34 4
1715367997 0.000068 0.000081 10.557498 10.557647 12 4
1715367998 0.000065 0.000085 0.042766 0.042916 12 4
1715367999 0.000056 0.000076 0.518995 0.519127 34 4
1715368000 0.000053 0.000075 0.001347 0.001475 45 4
1715368001 0.000075 0.000084 0.100335 0.100494 0 4
1715368002 0.000071 0.000084 2.768868 2.769023 12 4
1715368003 0.000058 0.000078 0.001514 0.001650 34 4
1715368004 0.000082 0.000081 0.004937 0.005100 12 4
1715368005 0.000058 0.000072 0.003640 0.003770 0 4
1715368006 0.000055 0.000074 0.202461 0.202590 0 4
1715368007 0.000058 0.000078 0.001129 0.001265 23 4
1715368008 0.000066 0.000078 3.114537 3.114681 12 4
1715368009 0.000075 0.000085 2.191962 2.192122 0 4
1715368010 0.000049 0.000075 0.057016 0.057140 23 4
1715368011 0.000060 0.000076 0.015399 0.015535 23 4
1715368012 0.000071 0.000085 0.061263 0.061419 24 4
1715368013 0.000060 0.000077 0.027439 0.027576 12 4
1715368014 0.000065 0.000080 0.115004 0.115149 34 4
1715368015 0.000068 0.000081 0.130814 0.130963 23 4
1715368016 0.000069 0.000083 0.004896 0.005048 34 4
1715368017 0.000063 0.000079 0.046459 0.046601 0 4
1715368018 0.000071 0.000084 3.420560 3.420715 0 4
1715368019 0.000064 0.000081 0.014060 0.014205 12 4
1715368020 0.000066 0.000079 0.113804 0.113949 0 4
1715368021 0.000056 0.000075 0.004552 0.004683 24 4
1715368022 0.000065 0.000078 0.070668 0.070811 34 4
1715368023 0.000059 0.000077 0.122986 0.123122 23 4
1715368024 0.000071 0.000083 0.035176 0.035330 0 4
1715368025 0.000064 0.000081 0.001677 0.001822 12 4
1715368026 0.000056 0.000073 0.047010 0.047139 45 4
1715368027 0.000065 0.000081 0.047409 0.047555 24 4
1715368028 0.000068 0.000080 2.556493 2.556641 0 4
1715368029 0.000069 0.000083 0.012701 0.012853 0 4
1715368030 0.000062 0.000077 0.002032 0.002171 0 4
1715368031 0.000058 0.000074 0.019581 0.019713 24 4
1715368032 0.000064 0.000080 0.012524 0.012668 0 4
1715368033 0.000045 0.000066 0.002944 0.003055 63 4
1715368034 0.000053 0.000073 0.026530 0.026656 34 4
1715368035 0.000052 0.000074 0.526060 0.526186 23 4
1715368036 0.000059 0.000076 0.068635 0.068770 34 4
1715368037 0.000060 0.000077 0.092992 0.093129 24 4
1715368038 0.000063 0.000084 0.015962 0.016109 0 4
1715368039 0.000052 0.000074 0.043479 0.043605 24 4
1715368040 0.000061 0.000078 0.012206 0.012345 12 4
1715368041 0.000065 0.000077 0.097150 0.097292 0 4
1715368042 0.000070 0.000085 0.006686 0.006841 24 4
1715368043 0.000090 0.000083 0.019819 0.019992 0 4
1715368044 0.000068 0.000085 0.063242 0.063395 12 4
1715368045 0.000057 0.000075 0.002295 0.002427 34 4
1715368046 0.000067 0.000079 1.855728 1.855874 0 4
1715368047 0.000081 0.000091 0.040875 0.041047 0 4
1715368048 0.000073 0.000082 0.035606 0.035761 12 4
1715368049 0.000063 0.000075 0.064617 0.064755 34 4
1715368050 0.000073 0.000088 0.260371 0.260532 34 4
1715368051 0.000059 0.000078 0.730056 0.730193 23 4
1715368052 0.000067 0.000081 0.003090 0.003238 0 4
1715368053 0.000073 0.000085 0.004543 0.004701 0 4
1715368054 0.000063 0.000081 0.003455 0.003599 23 4
1715368055 0.000059 0.000076 37.957049 37.957184 23 4
1715368056 0.000064 0.000083 0.002819 0.002966 23 4
1715368057 0.000067 0.000081 0.324067 0.324215 0 4
1715368058 0.000062 0.000080 0.008988 0.009130 0 4
1715368059 0.000066 0.000080 0.001830 0.001976 12 4
1715368060 0.000054 0.000074 0.118451 0.118579 34 4
1715368061 0.000059 0.000079 0.077030 0.077168 23 4
1715368062 0.000068 0.000080 0.017897 0.018045 34 4
1715368063 0.000060 0.000082 0.005058 0.005200 23 4
1715368064 0.000059 0.000083 0.002657 0.002799 24 4
1715368065 0.000063 0.000079 0.017825 0.017967 34 4
1715368066 0.000052 0.000075 0.002696 0.002823 54 4
1715368067 0.000075 0.000085 0.063430 0.063590 0 4
1715368068 0.000066 0.000081 0.012112 0.012259 12 4
1715368069 0.000074 0.000078 0.002275 0.002427 34 4
1715368070 0.000063 0.000080 0.077707 0.077850 12 4
1715368071 0.000064 0.000081 0.014512 0.014657 24 4
1715368072 0.000060 0.000076 0.033879 0.034015 12 4
1715368073 0.000068 0.000082 0.955094 0.955244 14 4
1715368074 0.000051 0.000079 0.001662 0.001792 12 4
1715368075 0.000061 0.000079 0.008444 0.008584 23 4
1715368076 0.000068 0.000081 0.006633 0.006782 0 4
1715368077 0.000063 0.000079 0.003192 0.003334 23 4
1715368078 0.000064 0.000080 0.080364 0.080508 12 4
1715368079 0.000066 0.000082 0.002123 0.002271 23 4
1715368080 0.000062 0.000075 0.002043 0.002180 34 4
1715368081 0.000062 0.000078 0.572934 0.573074 12 4
1715368082 0.000056 0.000076 0.060597 0.060729 23 4
1715368083 0.000045 0.000070 0.000900 0.001015 44 4
1715368084 0.000054 0.000071 1.424835 1.424960 64 4
1715368085 0.000077 0.000088 0.063602 0.063767 0 4
1715368086 0.000065 0.000078 0.023975 0.024118 23 4
1715368087 0.000054 0.000074 0.001904 0.002032 34 4
1715368088 0.000063 0.000078 0.001697 0.001838 24 4
1715368089 0.000066 0.000082 0.018424 0.018572 0 4
1715368090 0.000062 0.000079 0.037818 0.037959 0 4
1715368091 0.000058 0.000075 0.002990 0.003123 54 4
1715368092 0.000055 0.000075 0.095965 0.096095 0 4
1715368093 0.000064 0.000079 0.006542 0.006685 0 4
1715368094 0.000063 0.000074 0.006120 0.006257 0 4
1715368095 0.000059 0.000075 0.198863 0.198997 23 4
1715368096 0.000074 0.000084 5.710140 5.710298 0 4
1715368097 0.000058 0.000080 0.134589 0.134727 34 4
1715368098 0.000054 0.000076 0.003128 0.003258 23 4
1715368099 0.000061 0.000080 0.941865 0.942006 0 4
1715368100 0.000057 0.000076 0.001378 0.001511 45 4
1715368101 0.000062 0.000077 0.023157 0.023296 12 4
1715368102 0.000060 0.000079 0.002098 0.002237 0 4
1715368103 0.000070 0.000083 0.040526 0.040679 0 4
1715368104 0.000062 0.000078 0.002563 0.002703 0 4
1715368105 0.000061 0.000077 0.004869 0.005007 23 4
1715368106 0.000053 0.000073 1.177826 1.177952 23 4
1715368107 0.000057 0.000076 0.002679 0.002812 34 4
1715368108 0.000061 0.000076 0.006189 0.006326 24 4
1715368109 0.000058 0.000074 0.010216 0.010348 44 4
1715368110 0.000062 0.000079 0.002174 0.002315 23 4
1715368111 0.000060 0.000075 0.043140 0.043275 34 4
1715368112 0.000067 0.000081 0.004274 0.004422 12 4
1715368113 0.000058 0.000076 0.068422 0.068556 23 4
1715368114 0.000069 0.000087 0.005257 0.005413 23 4
1715368115 0.000074 0.000086 0.190366 0.190526 12 4
1715368116 0.000063 0.000080 0.005768 0.005911 12 4
1715368117 0.000069 0.000082 2.994892 2.995043 16 4
1715368118 0.000055 0.000077 0.029498 0.029630 45 4
1715368119 0.000066 0.000078 0.003143 0.003287 12 4
1715368120 0.000055 0.000074 0.003699 0.003828 34 4
1715368121 0.000058 0.000075 0.017211 0.017344 23 4
1715368122 0.000061 0.000080 0.614849 0.614990 23 4
1715368123 0.000073 0.000084 1.458235 1.458392 13 4
