1715344867 0.075439 0.000231 0.002880 0.078550 56 3
1715344868 0.047253 0.000195 0.019230 0.066678 23 3
1715344869 0.059599 0.000203 0.014996 0.074798 65 3
1715344870 0.062701 0.000222 0.002690 0.065613 43 3
1715344871 0.048965 0.000198 0.236032 0.285195 29 3
1715344872 0.061205 0.000203 0.011069 0.072477 37 3
1715344873 0.075492 0.000224 0.000784 0.076500 54 3
1715344874 0.071115 0.000205 0.008928 0.080248 51 3
1715344875 0.076103 0.000218 0.001849 0.078170 74 3
1715344876 0.055735 0.000205 0.021932 0.077872 23 3
1715344877 0.045812 0.000205 0.011833 0.057850 25 3
1715344878 0.085040 0.000217 0.000737 0.085994 101 3
1715344879 0.055224 0.000220 0.009268 0.064712 49 3
1715344880 0.083050 0.000209 0.024731 0.107990 71 3
1715344881 0.058974 0.000207 0.100434 0.159615 38 3
1715344882 0.066972 0.000195 0.003497 0.070664 59 3
1715344883 0.067102 0.000213 0.028086 0.095401 54 3
1715344884 0.059462 0.000205 0.003511 0.063178 45 3
1715344885 0.047759 0.000197 0.867260 0.915216 29 3
1715344886 0.084181 0.000199 0.001578 0.085958 88 3
1715344887 0.050117 0.000193 5.794646 5.844956 26 3
1715344888 0.068027 0.000197 0.000460 0.068684 108 3
1715344889 0.071419 0.000198 0.015608 0.087225 75 3
1715344890 0.065219 0.000193 0.001590 0.067002 48 3
1715344891 0.064889 0.000198 0.000833 0.065920 83 3
1715344892 0.054456 0.000193 0.002280 0.056929 31 3
1715344893 0.054891 0.000191 0.180499 0.235581 39 3
1715344894 0.053336 0.000192 0.036401 0.089929 36 3
1715344895 0.056713 0.000197 0.010718 0.067628 48 3
1715344896 0.051297 0.000196 0.001198 0.052691 55 3
1715344897 0.055403 0.000195 0.020553 0.076151 28 3
1715344898 0.046127 0.000189 0.035475 0.081791 31 3
1715344899 0.048552 0.000191 0.060369 0.109112 40 3
1715344900 0.047167 0.000199 0.332557 0.379923 10 3
1715344901 0.077223 0.000190 0.032261 0.109674 65 3
1715344902 0.071608 0.000209 0.000467 0.072284 81 3
1715344903 0.053695 0.000199 0.008487 0.062381 48 3
1715344904 0.068109 0.000205 0.000329 0.068643 101 3
1715344905 0.059582 0.000215 0.033817 0.093614 36 3
1715344906 0.059759 0.000215 0.007802 0.067776 41 3
1715344907 0.055132 0.000204 0.041765 0.097101 30 3
1715344908 0.062905 0.000220 0.000441 0.063566 57 3
1715344909 0.079563 0.000209 0.000820 0.080592 78 3
1715344910 0.060555 0.000196 0.004232 0.064983 49 3
1715344911 0.060738 0.000212 0.004303 0.065253 51 3
1715344912 0.049655 0.000204 0.011009 0.060868 29 3
1715344913 0.057268 0.000200 0.004813 0.062281 39 3
1715344914 0.067167 0.000199 0.001992 0.069358 56 3
1715344915 0.067376 0.000193 0.008199 0.075768 22 3
1715344916 0.059804 0.000196 0.004138 0.064138 56 3
1715344917 0.058382 0.000191 0.001575 0.060148 56 3
1715344918 0.070963 0.000208 0.000595 0.071766 92 3
1715344919 0.042032 0.000198 0.188610 0.230840 10 3
1715344920 0.072781 0.000189 0.001486 0.074456 44 3
1715344921 0.060946 0.000203 0.004467 0.065616 44 3
1715344922 0.060214 0.000209 0.003894 0.064317 78 3
1715344923 0.046040 0.000191 0.001709 0.047940 34 3
1715344924 0.053387 0.000203 0.002940 0.056530 41 3
1715344925 0.053576 0.000194 0.010372 0.064142 13 3
1715344926 0.099313 0.000193 0.001002 0.100508 74 3
1715344927 0.073234 0.000199 0.000504 0.073937 86 3
1715344928 0.053293 0.000200 0.050114 0.103607 25 3
1715344929 0.067675 0.000200 0.001496 0.069371 59 3
1715344930 0.051053 0.000195 0.069188 0.120436 20 3
1715344931 0.073467 0.000217 0.000414 0.074098 80 3
1715344932 0.053925 0.000199 0.002466 0.056590 58 3
1715344933 0.049906 0.000195 0.023534 0.073635 16 3
1715344934 0.054989 0.000198 0.003506 0.058693 51 3
1715344935 0.051659 0.000200 0.013320 0.065179 20 3
1715344936 0.045751 0.000185 0.081511 0.127447 13 3
1715344937 0.052155 0.000190 0.004123 0.056468 33 3
1715344938 0.048055 0.000193 0.018477 0.066725 30 3
1715344939 0.074702 0.000211 0.000410 0.075323 112 3
1715344940 0.072680 0.000209 0.003003 0.075892 63 3
1715344941 0.060549 0.000208 0.001094 0.061851 36 3
1715344942 0.070208 0.000189 1.423079 1.493476 28 3
1715344943 0.056874 0.000208 0.006351 0.063433 49 3
1715344944 0.068500 0.000200 0.001055 0.069755 76 3
1715344945 0.065842 0.000192 0.001395 0.067429 74 3
1715344946 0.050566 0.000193 0.548388 0.599147 29 3
1715344947 0.057363 0.000191 0.003690 0.061244 49 3
1715344948 0.048533 0.000192 0.046668 0.095393 23 3
1715344949 0.065192 0.000198 0.003323 0.068713 65 3
1715344950 0.063640 0.000206 0.000575 0.064421 59 3
1715344951 0.048133 0.000200 0.011789 0.060122 47 3
1715344952 0.075022 0.000217 0.004039 0.079278 88 3
1715344953 0.061685 0.000203 0.001286 0.063174 75 3
1715344954 0.051144 0.000197 0.019331 0.070672 37 3
1715344955 0.046819 0.000194 0.356659 0.403672 37 3
1715344956 0.068794 0.000200 0.002183 0.071177 88 3
1715344957 0.072216 0.000194 0.001900 0.074310 66 3
1715344958 0.061397 0.000196 0.002412 0.064005 62 3
1715344959 0.064069 0.000198 0.001731 0.065998 42 3
1715344960 0.098217 0.000197 0.001785 0.100199 81 3
1715344961 0.067493 0.000202 0.003156 0.070851 65 3
1715344962 0.039479 0.000183 2.059091 2.098753 13 3
1715344963 0.100100 0.000204 0.000204 0.100508 151 3
1715344964 0.063449 0.000199 0.001086 0.064734 77 3
1715344965 0.075541 0.000193 0.000393 0.076127 85 3
1715344966 0.047247 0.000191 0.014121 0.061559 29 3
