1715345084 0.083075 0.000272 28.093179 28.176526 24 3
1715345085 0.075788 0.000240 24.839060 24.915088 18 3
1715345086 0.157199 0.000262 0.001677 0.159138 82 3
1715345087 0.075470 0.000236 2.131804 2.207510 24 3
1715345088 0.100927 0.000237 0.003128 0.104292 38 3
1715345089 0.134577 0.000256 0.043789 0.178622 77 3
1715345090 0.100479 0.000246 0.178636 0.279361 27 3
1715345091 0.101849 0.000239 0.005491 0.107579 35 3
1715345092 0.105699 0.000250 0.000861 0.106810 51 3
1715345093 0.143768 0.000245 0.002691 0.146704 64 3
1715345094 0.098604 0.000243 0.014223 0.113070 44 3
1715345095 0.134460 0.000255 0.029500 0.164215 78 3
1715345096 0.121484 0.000245 0.003718 0.125447 67 3
1715345097 0.140501 0.000250 0.000738 0.141489 123 3
1715345098 0.115539 0.000251 0.018687 0.134477 71 3
1715345099 0.082392 0.000230 0.495599 0.578221 29 3
1715345100 0.102585 0.000247 0.059275 0.162107 42 3
1715345101 0.087174 0.000259 0.040882 0.128315 33 3
1715345102 0.116366 0.000228 0.239794 0.356388 24 3
1715345103 0.091086 0.000237 0.213908 0.305231 40 3
1715345104 0.124867 0.000239 0.018146 0.143252 64 3
1715345105 0.102676 0.000235 0.002826 0.105737 36 3
1715345106 0.120073 0.000233 0.111987 0.232293 34 3
1715345107 0.153333 0.000250 0.124415 0.277998 111 3
1715345108 0.122021 0.000243 0.002391 0.124655 91 3
1715345109 0.129987 0.000246 0.004785 0.135018 72 3
1715345110 0.153100 0.000255 0.002802 0.156157 88 3
1715345111 0.121582 0.000230 0.004375 0.126187 92 3
1715345112 0.092106 0.000234 0.029629 0.121969 60 3
1715345113 0.143675 0.000257 0.001906 0.145838 87 3
1715345114 0.108737 0.000258 0.001276 0.110271 57 3
1715345115 0.141293 0.000265 0.005741 0.147299 87 3
1715345116 0.107241 0.000234 0.262379 0.369854 44 3
1715345117 0.095892 0.000251 0.007935 0.104078 44 3
1715345118 0.093037 0.000236 0.236335 0.329608 27 3
1715345119 0.153510 0.000236 0.012380 0.166126 89 3
1715345120 0.091720 0.000231 0.123544 0.215495 44 3
1715345121 0.099416 0.000234 0.002045 0.101695 45 3
1715345122 0.094336 0.000237 0.003849 0.098422 42 3
1715345123 0.094984 0.000247 0.434077 0.529308 40 3
1715345124 0.098039 0.000271 0.005340 0.103650 60 3
1715345125 0.079792 0.000250 0.054235 0.134277 26 3
1715345126 0.080895 0.000227 16.764071 16.845193 25 3
1715345127 0.131815 0.000243 0.004758 0.136816 75 3
1715345128 0.116160 0.000264 0.009583 0.126007 64 3
1715345129 0.122205 0.000254 0.088871 0.211330 58 3
1715345130 0.099821 0.000235 0.007241 0.107297 28 3
1715345131 0.087321 0.000237 0.039765 0.127323 33 3
1715345132 0.087233 0.000244 0.032200 0.119677 35 3
1715345133 0.090646 0.000240 0.017071 0.107957 72 3
1715345134 0.098640 0.000247 0.010130 0.109017 30 3
1715345135 0.082616 0.000242 8.438893 8.521751 29 3
1715345136 0.090545 0.000245 0.008609 0.099399 47 3
1715345137 0.120461 0.000264 0.015614 0.136339 77 3
1715345138 0.132471 0.000261 0.005634 0.138366 105 3
1715345139 0.090835 0.000255 0.044379 0.135469 48 3
1715345140 0.098909 0.000249 1.099692 1.198850 35 3
1715345141 0.092466 0.000239 0.025770 0.118475 35 3
1715345142 0.100914 0.000245 0.016372 0.117531 29 3
1715345143 0.129880 0.000259 0.035009 0.165148 30 3
1715345144 0.085257 0.000248 4.858801 4.944306 32 3
1715345145 0.091445 0.000244 0.007883 0.099572 36 3
1715345146 0.111443 0.000258 0.008382 0.120083 37 3
1715345147 0.090950 0.000254 0.063599 0.154803 30 3
1715345148 0.077635 0.000241 0.605716 0.683592 24 3
1715345149 0.135713 0.000258 0.006432 0.142403 71 3
1715345150 0.118457 0.000254 0.002668 0.121379 71 3
1715345151 0.100779 0.000284 0.013283 0.114346 27 3
1715345152 0.101816 0.000267 0.021979 0.124062 43 3
1715345153 0.105385 0.000243 0.036869 0.142497 48 3
1715345154 0.121119 0.000244 0.012255 0.133618 62 3
1715345155 0.112031 0.000243 0.002132 0.114406 91 3
1715345156 0.101739 0.000249 0.041668 0.143656 82 3
1715345157 0.097746 0.000335 0.078110 0.176191 17 3
1715345158 0.094934 0.000285 0.008177 0.103396 37 3
1715345159 0.146345 0.000256 0.007502 0.154103 84 3
1715345160 0.129401 0.000259 0.008523 0.138183 72 3
1715345161 0.123543 0.000262 0.001286 0.125091 84 3
1715345162 0.114849 0.000237 0.006761 0.121847 38 3
1715345163 0.087130 0.000245 0.010359 0.097734 44 3
1715345164 0.095354 0.000329 0.059664 0.155347 26 3
1715345165 0.079591 0.000239 595.520031 595.599861 25 3
1715345166 0.097970 0.000246 0.037774 0.135990 49 3
1715345167 0.158183 0.000242 0.001255 0.159680 93 3
1715345168 0.123078 0.000254 0.008050 0.131382 58 3
1715345169 0.084505 0.000243 0.014216 0.098964 45 3
1715345170 0.109043 0.000246 0.014489 0.123778 26 3
1715345171 0.097689 0.000250 0.050822 0.148761 52 3
1715345172 0.113634 0.000243 0.002643 0.116520 65 3
1715345173 0.084180 0.000239 0.446379 0.530798 30 3
1715345174 0.115454 0.000255 0.000920 0.116629 56 3
1715345175 0.111134 0.000248 0.003532 0.114914 57 3
1715345176 0.132813 0.000234 0.001549 0.134596 100 3
1715345177 0.089731 0.000241 0.034314 0.124286 57 3
1715345178 0.076642 0.000245 1.993470 2.070357 15 3
1715345179 0.099473 0.000252 0.013205 0.112930 66 3
1715345180 0.121329 0.000249 0.001673 0.123251 76 3
1715345181 0.118301 0.000259 0.070516 0.189076 97 3
1715345182 0.097792 0.000241 0.010940 0.108973 39 3
1715345183 0.073087 0.000231 0.031341 0.104659 54 3
