1715344887 0.000363 0.000297 106.016248 106.016908 26 4
1715344888 0.000248 0.000204 0.007222 0.007674 108 4
1715344889 0.000209 0.000190 0.332717 0.333116 75 4
1715344890 0.000195 0.000189 0.026951 0.027335 48 4
1715344891 0.000204 0.000196 0.013567 0.013967 83 4
1715344892 0.000200 0.000183 0.039743 0.040126 31 4
1715344893 0.000212 0.000185 3.441738 3.442135 39 4
1715344894 0.000194 0.000194 0.556189 0.556577 36 4
1715344895 0.000206 0.000196 0.222634 0.223036 48 4
1715344896 0.000202 0.000193 0.020556 0.020951 55 4
1715344897 0.000201 0.000189 0.422131 0.422521 28 4
1715344898 0.000186 0.000184 0.488905 0.489275 31 4
1715344899 0.000193 0.000188 1.230996 1.231377 40 4
1715344900 0.000226 0.000199 6.484796 6.485221 10 4
1715344901 0.000196 0.000190 0.638620 0.639006 65 4
1715344902 0.000226 0.000205 0.007231 0.007662 81 4
1715344903 0.000213 0.000188 0.181203 0.181604 48 4
1715344904 0.000209 0.000201 0.004804 0.005214 101 4
1715344905 0.000198 0.000184 0.298193 0.298575 36 4
1715344906 0.000201 0.000193 0.141323 0.141717 41 4
1715344907 0.000223 0.000196 0.847288 0.847707 30 4
1715344908 0.000203 0.000209 0.007218 0.007630 57 4
1715344909 0.000210 0.000189 0.012980 0.013379 78 4
1715344910 0.000198 0.000190 0.104190 0.104578 49 4
1715344911 0.000216 0.000191 0.077038 0.077445 51 4
1715344912 0.000192 0.000186 0.229361 0.229739 29 4
1715344913 0.000197 0.000193 0.085870 0.086260 39 4
1715344914 0.000216 0.000190 0.034977 0.035383 56 4
1715344915 0.000211 0.000185 0.174318 0.174714 22 4
1715344916 0.000202 0.000192 0.073594 0.073988 56 4
1715344917 0.000202 0.000191 0.027677 0.028070 56 4
1715344918 0.000212 0.000191 0.009572 0.009975 92 4
1715344919 0.000188 0.000179 3.552191 3.552558 10 4
1715344920 0.000198 0.000187 0.024521 0.024906 44 4
1715344921 0.000200 0.000186 0.078973 0.079359 44 4
1715344922 0.000200 0.000196 0.094120 0.094516 78 4
1715344923 0.000191 0.000185 0.029594 0.029970 34 4
1715344924 0.000197 0.000186 0.053495 0.053878 41 4
1715344925 0.000194 0.000184 0.220999 0.221377 13 4
1715344926 0.000205 0.000193 0.016274 0.016672 74 4
1715344927 0.000204 0.000191 0.007722 0.008117 86 4
1715344928 0.000204 0.000183 1.007793 1.008180 25 4
1715344929 0.000204 0.000190 0.025993 0.026387 59 4
1715344930 0.000185 0.000184 1.388439 1.388808 20 4
1715344931 0.000218 0.000202 0.006025 0.006445 80 4
1715344932 0.000195 0.000183 0.043294 0.043672 58 4
1715344933 0.000199 0.000183 0.297340 0.297722 16 4
1715344934 0.000199 0.000192 0.063009 0.063400 51 4
1715344935 0.000200 0.000190 0.276849 0.277239 20 4
1715344936 0.000191 0.000183 1.396560 1.396934 13 4
