1715344796 0.000346 0.000291 0.020958 0.021595 73 4
1715344797 0.000236 0.000189 0.063090 0.063515 70 4
1715344798 0.000342 0.000257 0.003336 0.003935 122 4
1715344799 0.000272 0.000186 0.014946 0.015404 70 4
1715344800 0.000274 0.000191 0.015203 0.015668 82 4
1715344801 0.000239 0.000186 0.451200 0.451625 46 4
1715344802 0.000249 0.000199 0.003554 0.004002 120 4
1715344803 0.000194 0.000177 0.459818 0.460189 23 4
1715344804 0.000236 0.000183 0.098296 0.098715 57 4
1715344805 0.000223 0.000198 7.328904 7.329325 11 4
1715344806 0.000201 0.000182 0.194180 0.194563 65 4
1715344807 0.000180 0.000175 0.271839 0.272194 52 4
1715344808 0.000171 0.000170 1.806129 1.806470 12 4
1715344809 0.000182 0.000175 0.033810 0.034167 43 4
1715344810 0.000176 0.000171 0.005867 0.006214 60 4
1715344811 0.000176 0.000171 5.096143 5.096490 42 4
1715344812 0.000232 0.000180 0.006803 0.007215 109 4
1715344813 0.000203 0.000173 0.036504 0.036880 48 4
1715344814 0.000207 0.000177 0.004063 0.004447 80 4
1715344815 0.000176 0.000165 0.108582 0.108923 16 4
1715344816 0.000182 0.000175 0.007250 0.007607 64 4
1715344817 0.000182 0.000175 0.011620 0.011977 69 4
1715344818 0.000173 0.000159 0.396368 0.396700 10 4
1715344819 0.000186 0.000180 0.439984 0.440350 69 4
1715344820 0.000191 0.000177 0.036274 0.036642 55 4
1715344821 0.000178 0.000166 0.134660 0.135004 20 4
1715344822 0.000197 0.000169 0.184766 0.185132 38 4
1715344823 0.000188 0.000179 0.038812 0.039179 31 4
1715344824 0.000174 0.000176 0.240783 0.241133 31 4
1715344825 0.000180 0.000172 0.014090 0.014442 33 4
1715344826 0.000185 0.000166 0.050698 0.051049 20 4
1715344827 0.000184 0.000176 0.013268 0.013628 47 4
1715344828 0.000194 0.000181 0.012540 0.012915 92 4
1715344829 0.000197 0.000176 0.021317 0.021690 90 4
1715344830 0.000197 0.000170 0.020442 0.020809 55 4
1715344831 0.000192 0.000204 0.030674 0.031070 33 4
1715344832 0.000215 0.000173 0.019459 0.019847 49 4
1715344833 0.000198 0.000177 2.164463 2.164838 60 4
1715344834 0.000188 0.000180 0.007191 0.007559 79 4
1715344835 0.000165 0.000163 0.326595 0.326923 20 4
1715344836 0.000213 0.000180 0.043343 0.043736 39 4
1715344837 0.000189 0.000177 0.016287 0.016653 70 4
1715344838 0.000181 0.000166 0.002851 0.003198 77 4
1715344839 0.000172 0.000164 0.350440 0.350776 32 4
1715344840 0.000173 0.000166 46.589526 46.589865 17 4
1715344841 0.000175 0.000178 0.627594 0.627947 39 4
1715344842 0.000177 0.000170 0.109794 0.110141 49 4
1715344843 0.000179 0.000171 0.026195 0.026545 88 4
1715344844 0.000170 0.000168 0.125835 0.126173 27 4
1715344845 0.000180 0.000172 2.379707 2.380059 37 4
