1715185515 0.000240 0.000230 0.059159 0.059629 20 4
1715185516 0.000139 0.000140 0.029840 0.030119 16 4
1715185517 0.000152 0.000132 0.013868 0.014152 39 4
1715185518 0.000213 0.000132 0.017869 0.018214 49 4
1715185519 0.000155 0.000133 0.001608 0.001896 79 4
1715185520 0.000160 0.000137 0.001301 0.001598 89 4
1715185521 0.000130 0.000120 0.702287 0.702537 17 4
1715185522 0.000157 0.000137 0.263536 0.263830 26 4
1715185523 0.000171 0.000137 0.006744 0.007052 65 4
1715185524 0.000149 0.000138 0.016557 0.016844 38 4
1715185525 0.000179 0.000133 0.018113 0.018425 39 4
1715185526 0.000157 0.000144 0.031149 0.031450 33 4
1715185527 0.000147 0.000136 0.006685 0.006968 48 4
1715185528 0.000162 0.000128 0.005954 0.006244 46 4
1715185529 0.000165 0.000131 0.017314 0.017610 40 4
1715185530 0.000161 0.000143 0.002855 0.003159 56 4
1715185531 0.000152 0.000124 0.004691 0.004967 31 4
1715185532 0.000145 0.000141 2.124075 2.124361 7 4
1715185533 0.000183 0.000140 0.001746 0.002069 71 4
1715185534 0.000145 0.000124 0.059887 0.060156 37 4
1715185535 0.000157 0.000129 0.035568 0.035854 23 4
1715185536 0.000172 0.000128 0.011544 0.011844 33 4
1715185537 0.000170 0.000133 0.006172 0.006475 55 4
1715185538 0.000162 0.000136 0.003403 0.003701 53 4
1715185539 0.000175 0.000132 0.029521 0.029828 32 4
1715185540 0.000168 0.000134 0.009040 0.009342 70 4
1715185541 0.000142 0.000126 0.134244 0.134512 17 4
1715185542 0.000121 0.000118 20.901583 20.901822 17 4
1715185543 0.000132 0.000130 0.004015 0.004277 59 4
1715185544 0.000126 0.000122 0.005321 0.005569 55 4
1715185545 0.000126 0.000119 0.005329 0.005574 36 4
1715185546 0.000121 0.000121 0.027934 0.028176 41 4
1715185547 0.000125 0.000119 0.053773 0.054017 22 4
1715185548 0.000122 0.000123 0.043825 0.044070 32 4
1715185549 0.000136 0.000129 0.001323 0.001588 67 4
1715185550 0.000133 0.000122 0.001158 0.001413 87 4
1715185551 0.000121 0.000120 0.012554 0.012795 38 4
1715185552 0.000130 0.000124 0.003509 0.003763 73 4
1715185553 0.000157 0.000119 0.006760 0.007036 57 4
1715185554 0.000140 0.000121 0.045713 0.045974 45 4
1715185555 0.000149 0.000121 0.046467 0.046737 20 4
1715185556 0.000150 0.000124 0.002595 0.002869 50 4
1715185557 0.000137 0.000119 0.003349 0.003605 44 4
1715185558 0.000138 0.000117 0.025506 0.025761 27 4
1715185559 0.000142 0.000121 0.015873 0.016136 24 4
1715185560 0.000144 0.000124 0.008784 0.009052 65 4
1715185561 0.000136 0.000118 0.003788 0.004042 45 4
1715185562 0.000144 0.000124 0.005449 0.005717 56 4
1715185563 0.000129 0.000117 0.002622 0.002868 56 4
1715185564 0.000138 0.000116 0.013256 0.013510 22 4
1715185565 0.000135 0.000121 0.017969 0.018225 30 4
1715185566 0.000141 0.000121 0.003125 0.003387 51 4
1715185567 0.000128 0.000117 0.497341 0.497586 26 4
1715185568 0.000154 0.000129 0.004424 0.004707 46 4
1715185569 0.000131 0.000119 0.014688 0.014938 58 4
1715185570 0.000189 0.000131 0.002782 0.003102 60 4
1715185571 0.000136 0.000119 0.002038 0.002293 38 4
1715185572 0.000127 0.000121 0.002681 0.002929 57 4
1715185573 0.000149 0.000122 0.002669 0.002940 50 4
1715185574 0.000121 0.000116 1.629736 1.629973 11 4
1715185575 0.000133 0.000123 0.023318 0.023574 11 4
1715185576 0.000144 0.000120 0.001724 0.001988 55 4
1715185577 0.000167 0.000120 0.002729 0.003016 45 4
1715185578 0.000134 0.000122 0.003878 0.004134 51 4
1715185579 0.000134 0.000117 0.008328 0.008579 56 4
1715185580 0.000143 0.000124 0.020401 0.020668 32 4
1715185581 0.000135 0.000125 0.006458 0.006718 44 4
1715185582 0.000131 0.000116 0.028722 0.028969 34 4
1715185583 0.000141 0.000129 0.007447 0.007717 59 4
1715185584 0.000167 0.000126 0.007615 0.007908 70 4
1715185585 0.000143 0.000116 0.004727 0.004986 89 4
1715185586 0.000142 0.000116 0.001972 0.002230 66 4
1715185587 0.000147 0.000123 0.041972 0.042242 45 4
1715185588 0.000148 0.000122 0.008585 0.008855 78 4
1715185589 0.000135 0.000121 0.006872 0.007128 47 4
1715185590 0.000137 0.000142 0.007328 0.007607 51 4
1715185591 0.000143 0.000123 0.001548 0.001814 61 4
1715185592 0.000154 0.000127 0.005443 0.005724 62 4
1715185593 0.000139 0.000124 0.003070 0.003333 95 4
1715185594 0.000143 0.000119 0.041728 0.041990 31 4
1715185595 0.000141 0.000127 0.004219 0.004487 56 4
1715185596 0.000146 0.000121 0.003139 0.003406 58 4
1715185597 0.000162 0.000119 0.019816 0.020097 22 4
1715185598 0.000135 0.000120 0.009089 0.009344 47 4
1715185599 0.000141 0.000120 0.044646 0.044907 50 4
1715185600 0.000145 0.000158 0.004014 0.004317 35 4
1715185601 0.000133 0.000117 0.022081 0.022331 16 4
1715185602 0.000129 0.000119 0.017901 0.018149 24 4
1715185603 0.000141 0.000116 0.005410 0.005667 30 4
1715185604 0.000175 0.000122 0.007036 0.007333 59 4
1715185605 0.000143 0.000121 0.001363 0.001627 106 4
1715185606 0.000128 0.000114 0.013812 0.014054 25 4
1715185607 0.000156 0.000122 0.015114 0.015392 55 4
1715185608 0.000136 0.000126 0.004765 0.005027 60 4
1715185609 0.000131 0.000121 0.051529 0.051781 21 4
1715185610 0.000146 0.000119 0.006313 0.006578 30 4
1715185611 0.000159 0.000121 0.002063 0.002343 84 4
1715185612 0.000138 0.000120 0.002491 0.002749 82 4
1715185613 0.000165 0.000117 0.011655 0.011937 48 4
1715185614 0.000150 0.000120 0.012546 0.012816 43 4
1715185615 0.000122 0.000112 0.013913 0.014147 40 4
1715185616 0.000138 0.000123 0.002616 0.002877 64 4
1715185617 0.000137 0.000121 0.012849 0.013107 29 4
1715185618 0.000156 0.000120 0.037464 0.037740 39 4
1715185619 0.000136 0.000129 0.006714 0.006979 53 4
1715185620 0.000141 0.000117 0.017870 0.018128 65 4
1715185621 0.000152 0.000122 0.013856 0.014130 39 4
1715185622 0.000138 0.000122 0.039844 0.040104 30 4
1715185623 0.000131 0.000119 0.025151 0.025401 14 4
1715185624 0.000115 0.000113 0.097262 0.097490 27 4
1715185625 0.000127 0.000124 0.027686 0.027937 27 4
1715185626 0.000134 0.000118 0.002673 0.002925 63 4
1715185627 0.000121 0.000116 0.004293 0.004530 33 4
1715185628 0.000146 0.000118 0.004099 0.004363 39 4
1715185629 0.000122 0.000115 0.006091 0.006328 18 4
1715185630 0.000175 0.000124 0.001334 0.001633 102 4
1715185631 0.000129 0.000150 0.007967 0.008246 22 4
1715185632 0.000137 0.000118 0.002309 0.002564 72 4
1715185633 0.000138 0.000126 0.003466 0.003730 56 4
1715185634 0.000146 0.000115 0.000951 0.001212 121 4
1715185635 0.000155 0.000122 0.009761 0.010038 51 4
1715185636 0.000144 0.000120 0.002675 0.002939 65 4
1715185637 0.000141 0.000127 0.002560 0.002828 46 4
1715185638 0.000136 0.000118 0.034216 0.034470 24 4
1715185639 0.000140 0.000125 0.003108 0.003373 47 4
1715185640 0.000139 0.000120 0.009627 0.009886 75 4
1715185641 0.000128 0.000119 0.078141 0.078388 40 4
1715185642 0.000139 0.000121 0.001332 0.001592 114 4
1715185643 0.000122 0.000116 0.040344 0.040582 24 4
1715185644 0.000124 0.000118 0.063941 0.064183 36 4
1715185645 0.000134 0.000125 0.002319 0.002578 79 4
1715185646 0.000115 0.000114 0.171926 0.172155 27 4
1715185647 0.000130 0.000126 0.005457 0.005713 38 4
1715185648 0.000126 0.000116 0.074411 0.074653 42 4
1715185649 0.000126 0.000120 0.003080 0.003326 65 4
1715185650 0.000121 0.000120 0.013008 0.013249 55 4
1715185651 0.000142 0.000120 0.009022 0.009284 62 4
1715185652 0.000128 0.000124 0.003094 0.003346 63 4
1715185653 0.000132 0.000125 0.008038 0.008295 66 4
1715185654 0.000129 0.000119 0.007766 0.008014 37 4
1715185655 0.000120 0.000115 0.021909 0.022144 25 4
1715185656 0.000124 0.000120 0.020223 0.020467 46 4
1715185657 0.000126 0.000115 0.012722 0.012963 34 4
1715185658 0.000132 0.000118 0.007459 0.007709 37 4
1715185659 0.000163 0.000122 0.007558 0.007843 48 4
1715185660 0.000133 0.000119 0.005331 0.005583 57 4
1715185661 0.000133 0.000118 0.007935 0.008186 47 4
1715185662 0.000157 0.000119 0.002146 0.002422 51 4
1715185663 0.000142 0.000121 0.050892 0.051155 33 4
1715185664 0.000140 0.000127 0.008177 0.008444 72 4
1715185665 0.000170 0.000121 0.001861 0.002152 83 4
1715185666 0.000154 0.000118 0.001275 0.001547 80 4
1715185667 0.000137 0.000127 0.026246 0.026510 44 4
1715185668 0.000132 0.000117 0.012083 0.012332 31 4
1715185669 0.000136 0.000116 0.282272 0.282524 15 4
1715185670 0.000144 0.000130 0.001217 0.001491 103 4
1715185671 0.000121 0.000116 0.004674 0.004911 51 4
1715185672 0.000124 0.000121 0.094349 0.094594 21 4
1715185673 0.000124 0.000123 0.038398 0.038645 42 4
1715185674 0.000116 0.000118 1.121705 1.121939 4 4
1715185675 0.000129 0.000125 0.002220 0.002474 56 4
1715185676 0.000124 0.000122 0.005996 0.006242 51 4
1715185677 0.000116 0.000120 0.010520 0.010756 36 4
1715185678 0.000127 0.000120 0.008751 0.008998 48 4
1715185679 0.000133 0.000120 0.002945 0.003198 78 4
1715185680 0.000155 0.000119 0.013966 0.014240 29 4
1715185681 0.000133 0.000116 0.030889 0.031138 33 4
1715185682 0.000139 0.000123 0.011383 0.011645 37 4
1715185683 0.000168 0.000116 0.036868 0.037152 18 4
1715185684 0.000134 0.000121 0.056267 0.056522 33 4
1715185685 0.000153 0.000121 0.013483 0.013757 40 4
1715185686 0.000142 0.000126 0.001849 0.002117 57 4
1715185687 0.000167 0.000122 0.012088 0.012377 46 4
1715185688 0.000133 0.000123 0.075584 0.075840 13 4
1715185689 0.000127 0.000123 0.006829 0.007079 82 4
1715185690 0.000126 0.000126 0.013859 0.014111 52 4
1715185691 0.000119 0.000118 0.020537 0.020774 38 4
1715185692 0.000124 0.000118 0.005247 0.005489 46 4
1715185693 0.000130 0.000120 0.028392 0.028642 26 4
1715185694 0.000120 0.000115 0.047850 0.048085 11 4
1715185695 0.000130 0.000121 0.002018 0.002269 69 4
1715185696 0.000126 0.000118 0.025676 0.025920 30 4
1715185697 0.000126 0.000122 0.002941 0.003189 69 4
1715185698 0.000138 0.000120 0.013350 0.013608 59 4
1715185699 0.000119 0.000116 0.018783 0.019018 51 4
1715185700 0.000130 0.000124 0.001949 0.002203 69 4
1715185701 0.000120 0.000118 0.006124 0.006362 27 4
1715185702 0.000126 0.000132 0.029849 0.030107 36 4
1715185703 0.000132 0.000123 0.009770 0.010025 41 4
1715185704 0.000137 0.000119 0.007558 0.007814 44 4
1715185705 0.000127 0.000119 0.003404 0.003650 54 4
1715185706 0.000129 0.000122 0.004122 0.004373 62 4
1715185707 0.000129 0.000121 0.002577 0.002827 50 4
1715185708 0.000124 0.000115 0.003237 0.003476 57 4
1715185709 0.000136 0.000119 0.002343 0.002598 53 4
1715185710 0.000117 0.000117 0.118671 0.118905 29 4
1715185711 0.000143 0.000132 0.002508 0.002783 68 4
1715185712 0.000135 0.000123 0.004023 0.004281 88 4
1715185713 0.000128 0.000126 0.007933 0.008187 66 4
1715185714 0.000126 0.000121 0.002193 0.002440 62 4
1715185715 0.000120 0.000117 0.016979 0.017216 31 4
1715185716 0.000128 0.000122 0.003603 0.003853 45 4
1715185717 0.000128 0.000121 0.002319 0.002568 54 4
1715185718 0.000122 0.000119 0.006206 0.006447 35 4
1715185719 0.000130 0.000118 0.002773 0.003021 67 4
1715185720 0.000131 0.000120 0.001279 0.001530 73 4
1715185721 0.000135 0.000115 0.009864 0.010114 34 4
1715185722 0.000121 0.000116 0.017500 0.017737 34 4
1715185723 0.000126 0.000119 0.002542 0.002787 81 4
1715185724 0.000128 0.000119 0.005606 0.005853 77 4
1715185725 0.000124 0.000119 0.009070 0.009313 59 4
1715185726 0.000139 0.000124 0.000631 0.000894 131 4
1715185727 0.000131 0.000122 0.004097 0.004350 44 4
1715185728 0.000122 0.000118 0.444602 0.444842 21 4
1715185729 0.000135 0.000129 0.009375 0.009639 64 4
1715185730 0.000133 0.000119 0.004708 0.004960 77 4
1715185731 0.000119 0.000117 0.552459 0.552695 10 4
1715185732 0.000136 0.000130 0.001363 0.001629 61 4
1715185733 0.000129 0.000120 0.016249 0.016498 29 4
1715185734 0.000125 0.000117 0.007094 0.007336 34 4
1715185735 0.000128 0.000120 0.006307 0.006555 55 4
1715185736 0.000121 0.000115 0.017407 0.017643 12 4
1715185737 0.000125 0.000123 0.018059 0.018307 25 4
1715185738 0.000117 0.000113 0.052934 0.053164 17 4
1715185739 0.000123 0.000120 0.001861 0.002104 49 4
1715185740 0.000116 0.000119 0.245818 0.246053 28 4
1715185741 0.000141 0.000120 0.002515 0.002776 113 4
1715185742 0.000123 0.000119 0.002692 0.002934 55 4
1715185743 0.000126 0.000120 0.002714 0.002960 64 4
1715185744 0.000119 0.000117 2.241844 2.242080 15 4
1715185745 0.000119 0.000118 0.296971 0.297208 19 4
1715185746 0.000121 0.000121 0.009403 0.009645 36 4
1715185747 0.000126 0.000114 0.002229 0.002469 60 4
1715185748 0.000122 0.000118 0.036206 0.036446 34 4
1715185749 0.000123 0.000120 0.001304 0.001547 71 4
1715185750 0.000113 0.000113 0.039078 0.039304 40 4
1715185751 0.000117 0.000119 0.680000 0.680236 23 4
1715185752 0.000132 0.000127 0.005651 0.005910 58 4
1715185753 0.000129 0.000121 0.006927 0.007177 23 4
1715185754 0.000130 0.000118 0.001639 0.001887 84 4
1715185755 0.000130 0.000116 0.005996 0.006242 30 4
1715185756 0.000126 0.000119 0.002853 0.003098 72 4
1715185757 0.000114 0.000113 0.021285 0.021512 36 4
1715185758 0.000128 0.000120 0.004850 0.005098 62 4
1715185759 0.000123 0.000120 0.010422 0.010665 77 4
1715185760 0.000122 0.000118 0.216420 0.216660 14 4
1715185761 0.000125 0.000121 0.006473 0.006719 58 4
1715185762 0.000125 0.000116 0.036980 0.037221 55 4
1715185763 0.000123 0.000120 0.007623 0.007866 68 4
1715185764 0.000126 0.000119 0.010499 0.010744 57 4
1715185765 0.000126 0.000119 0.006954 0.007199 28 4
1715185766 0.000124 0.000119 0.001539 0.001782 70 4
1715185767 0.000123 0.000119 0.002135 0.002377 43 4
1715185768 0.000133 0.000126 0.002139 0.002398 66 4
1715185769 0.000119 0.000118 0.008371 0.008608 35 4
1715185770 0.000119 0.000116 0.019806 0.020041 48 4
1715185771 0.000124 0.000115 0.002550 0.002789 41 4
1715185772 0.000112 0.000116 0.002894 0.003122 49 4
1715185773 0.000130 0.000121 0.003455 0.003706 63 4
1715185774 0.000129 0.000120 0.011361 0.011610 63 4
1715185775 0.000127 0.000122 0.001968 0.002217 61 4
1715185776 0.000127 0.000118 0.009965 0.010210 45 4
1715185777 0.000127 0.000123 0.014463 0.014713 30 4
1715185778 0.000125 0.000118 0.007548 0.007791 25 4
1715185779 0.000123 0.000119 0.012013 0.012255 35 4
1715185780 0.000111 0.000114 0.088779 0.089004 12 4
1715185781 0.000126 0.000124 0.010238 0.010488 59 4
1715185782 0.000130 0.000137 0.002440 0.002707 56 4
1715185783 0.000120 0.000122 0.080571 0.080813 7 4
1715185784 0.000131 0.000120 0.002655 0.002906 79 4
1715185785 0.000121 0.000117 0.092787 0.093025 13 4
1715185786 0.000124 0.000123 0.007386 0.007633 38 4
1715185787 0.000127 0.000115 0.020957 0.021199 55 4
1715185788 0.000124 0.000120 0.238539 0.238783 21 4
1715185789 0.000120 0.000121 0.037346 0.037587 11 4
1715185790 0.000114 0.000114 0.861357 0.861585 7 4
1715185791 0.000132 0.000126 0.004073 0.004331 85 4
1715185792 0.000116 0.000117 1.824372 1.824605 4 4
1715185793 0.000132 0.000129 0.010900 0.011161 43 4
1715185794 0.000127 0.000118 0.006524 0.006769 43 4
1715185795 0.000121 0.000116 0.005425 0.005662 35 4
1715185796 0.000120 0.000115 0.048847 0.049082 30 4
1715185797 0.000124 0.000115 0.009007 0.009246 39 4
1715185798 0.000130 0.000118 0.014506 0.014754 30 4
1715185799 0.000128 0.000124 0.012132 0.012384 36 4
1715185800 0.000127 0.000120 0.004454 0.004701 33 4
1715185801 0.000133 0.000121 0.000938 0.001192 92 4
1715185802 0.000126 0.000120 0.015886 0.016132 29 4
1715185803 0.000131 0.000120 0.070757 0.071008 17 4
1715185804 0.000126 0.000123 0.031405 0.031654 26 4
1715185805 0.000128 0.000121 0.003414 0.003663 50 4
1715185806 0.000131 0.000121 0.004932 0.005184 43 4
1715185807 0.000133 0.000121 0.002160 0.002414 49 4
1715185808 0.000126 0.000120 1.231632 1.231878 36 4
1715185809 0.000133 0.000126 0.018231 0.018490 35 4
1715185810 0.000131 0.000123 0.008655 0.008909 53 4
1715185811 0.000124 0.000116 1.451882 1.452122 14 4
1715185812 0.000131 0.000126 0.003807 0.004064 42 4
1715185813 0.000118 0.000118 0.434998 0.435234 25 4
1715185814 0.000126 0.000123 0.021127 0.021376 21 4
1715185815 0.000132 0.000122 0.007990 0.008244 56 4
1715185816 0.000126 0.000119 0.015740 0.015985 23 4
1715185817 0.000131 0.000120 0.007338 0.007589 60 4
1715185818 0.000126 0.000118 0.097229 0.097473 35 4
1715185819 0.000133 0.000126 0.013800 0.014059 38 4
1715185820 0.000128 0.000122 0.020127 0.020377 34 4
1715185821 0.000117 0.000117 0.189001 0.189235 13 4
1715185822 0.000134 0.000128 0.002084 0.002346 49 4
1715185823 0.000120 0.000114 0.167438 0.167672 29 4
1715185824 0.000132 0.000126 0.003615 0.003873 65 4
1715185825 0.000127 0.000118 0.123418 0.123663 41 4
1715185826 0.000127 0.000122 0.004688 0.004937 46 4
1715185827 0.000118 0.000119 0.053614 0.053851 20 4
1715185828 0.000126 0.000121 0.006414 0.006661 29 4
1715185829 0.000133 0.000122 0.008108 0.008363 50 4
1715185830 0.000124 0.000119 0.729688 0.729931 17 4
1715185831 0.000121 0.000117 0.012357 0.012595 22 4
1715185832 0.000121 0.000114 0.176181 0.176416 7 4
1715185833 0.000137 0.000148 0.005160 0.005445 53 4
1715185834 0.000130 0.000116 0.037357 0.037603 28 4
1715185835 0.000135 0.000122 0.106887 0.107144 28 4
1715185836 0.000162 0.000132 0.001411 0.001705 95 4
1715185837 0.000150 0.000121 0.002087 0.002358 66 4
1715185838 0.000134 0.000124 0.005133 0.005391 69 4
1715185839 0.000153 0.000130 0.003098 0.003381 46 4
1715185840 0.000152 0.000126 0.008690 0.008968 17 4
1715185841 0.000139 0.000127 0.039865 0.040131 27 4
1715185842 0.000158 0.000124 0.001575 0.001857 75 4
1715185843 0.000138 0.000116 0.129250 0.129504 14 4
1715185844 0.000160 0.000130 0.002303 0.002593 35 4
1715185845 0.000136 0.000116 0.003316 0.003568 64 4
1715185846 0.000132 0.000115 0.021826 0.022073 32 4
1715185847 0.000138 0.000117 0.003370 0.003625 31 4
1715185848 0.000162 0.000120 0.003067 0.003349 42 4
1715185849 0.000156 0.000125 0.001742 0.002023 76 4
1715185850 0.000127 0.000123 0.010934 0.011184 53 4
1715185851 0.000150 0.000130 0.003748 0.004028 61 4
1715185852 0.000140 0.000128 0.002172 0.002440 78 4
1715185853 0.000134 0.000115 0.007446 0.007695 55 4
1715185854 0.000161 0.000132 0.001744 0.002037 82 4
1715185855 0.000130 0.000117 0.376397 0.376644 12 4
1715185856 0.000175 0.000134 0.006823 0.007132 33 4
1715185857 0.000138 0.000120 0.001665 0.001923 61 4
1715185858 0.000144 0.000134 0.004879 0.005157 34 4
1715185859 0.000140 0.000116 0.001774 0.002030 65 4
1715185860 0.000123 0.000120 0.032292 0.032535 22 4
1715185861 0.000140 0.000121 0.049487 0.049748 39 4
1715185862 0.000149 0.000132 0.003629 0.003910 68 4
1715185863 0.000139 0.000123 0.034873 0.035135 31 4
1715185864 0.000137 0.000120 0.039895 0.040152 31 4
1715185865 0.000123 0.000113 0.069015 0.069251 22 4
1715185866 0.000121 0.000116 0.064963 0.065200 30 4
1715185867 0.000130 0.000126 0.001530 0.001786 59 4
1715185868 0.000137 0.000126 0.004154 0.004417 47 4
1715185869 0.000153 0.000125 0.001522 0.001800 60 4
1715185870 0.000150 0.000124 0.500526 0.500800 22 4
1715185871 0.000134 0.000124 0.001432 0.001690 59 4
1715185872 0.000125 0.000125 0.026732 0.026982 51 4
1715185873 0.000119 0.000115 0.010174 0.010408 7 4
1715185874 0.000148 0.000128 0.004598 0.004874 42 4
1715185875 0.000150 0.000123 0.001905 0.002178 55 4
1715185876 0.000149 0.000123 0.002033 0.002305 69 4
1715185877 0.000139 0.000118 0.130158 0.130415 42 4
1715185878 0.000135 0.000125 0.004190 0.004450 50 4
1715185879 0.000124 0.000119 0.079038 0.079281 20 4
1715185880 0.000136 0.000125 0.005438 0.005699 64 4
1715185881 0.000135 0.000117 3.811261 3.811513 8 4
1715185882 0.000133 0.000130 0.003492 0.003755 58 4
1715185883 0.000126 0.000117 0.003075 0.003318 54 4
1715185884 0.000126 0.000118 0.087507 0.087751 30 4
1715185885 0.000134 0.000122 0.008339 0.008595 71 4
1715185886 0.000121 0.000117 0.011481 0.011719 34 4
1715185887 0.000125 0.000117 0.011189 0.011431 56 4
1715185888 0.000131 0.000122 0.002852 0.003105 47 4
1715185889 0.000127 0.000118 0.003427 0.003672 51 4
1715185890 0.000131 0.000119 0.004112 0.004362 51 4
1715185891 0.000128 0.000122 0.021464 0.021714 60 4
1715185892 0.000120 0.000115 0.013540 0.013775 29 4
1715185893 0.000174 0.000118 0.001612 0.001904 70 4
1715185894 0.000141 0.000132 0.012169 0.012442 13 4
1715185895 0.000148 0.000118 0.007367 0.007633 56 4
1715185896 0.000133 0.000123 0.002250 0.002506 58 4
1715185897 0.000121 0.000113 0.018360 0.018594 33 4
1715185898 0.000146 0.000126 0.021410 0.021682 53 4
1715185899 0.000140 0.000127 0.012446 0.012713 44 4
1715185900 0.000136 0.000118 0.046132 0.046386 23 4
1715185901 0.000151 0.000130 0.005469 0.005750 56 4
1715185902 0.000143 0.000123 0.001460 0.001726 68 4
1715185903 0.000156 0.000123 0.001915 0.002194 84 4
1715185904 0.000169 0.000122 0.021503 0.021794 26 4
1715185905 0.000153 0.000126 0.037269 0.037548 32 4
1715185906 0.000141 0.000125 0.396960 0.397226 15 4
1715185907 0.000158 0.000125 0.002336 0.002619 53 4
1715185908 0.000136 0.000119 0.001207 0.001462 74 4
1715185909 0.000127 0.000113 0.015956 0.016196 28 4
1715185910 0.000132 0.000114 0.020183 0.020429 20 4
1715185911 0.000145 0.000121 0.003601 0.003867 47 4
1715185912 0.000142 0.000120 0.071283 0.071545 30 4
1715185913 0.000172 0.000125 0.001031 0.001328 90 4
1715185914 0.000147 0.000124 0.020733 0.021004 55 4
1715185915 0.000141 0.000144 0.005638 0.005923 65 4
1715185916 0.000147 0.000126 0.001081 0.001354 87 4
1715185917 0.000128 0.000119 0.017106 0.017353 58 4
1715185918 0.000140 0.000125 0.002969 0.003234 57 4
1715185919 0.000127 0.000125 0.224370 0.224622 5 4
1715185920 0.000153 0.000128 0.001588 0.001869 66 4
1715185921 0.000133 0.000123 0.004592 0.004848 31 4
1715185922 0.000134 0.000115 0.001864 0.002113 52 4
1715185923 0.000136 0.000118 0.003470 0.003724 54 4
1715185924 0.000131 0.000123 0.122891 0.123145 17 4
1715185925 0.000150 0.000135 0.009506 0.009791 43 4
1715185926 0.000126 0.000120 0.021711 0.021957 21 4
1715185927 0.000136 0.000123 0.005965 0.006224 28 4
1715185928 0.000147 0.000117 0.028105 0.028369 32 4
1715185929 0.000133 0.000122 0.005115 0.005370 33 4
1715185930 0.000132 0.000119 0.084498 0.084749 27 4
1715185931 0.000142 0.000125 0.006348 0.006615 37 4
1715185932 0.000126 0.000113 0.015954 0.016193 19 4
1715185933 0.000124 0.000119 0.006935 0.007178 44 4
1715185934 0.000163 0.000122 0.026422 0.026707 23 4
1715185935 0.000141 0.000120 0.007019 0.007280 42 4
1715185936 0.000127 0.000118 0.292180 0.292425 28 4
1715185937 0.000156 0.000122 0.002520 0.002798 82 4
1715185938 0.000142 0.000124 0.004892 0.005158 64 4
1715185939 0.000148 0.000130 0.041434 0.041712 44 4
1715185940 0.000141 0.000121 0.037060 0.037322 32 4
1715185941 0.000131 0.000125 0.018984 0.019240 51 4
1715185942 0.000133 0.000122 0.002929 0.003184 56 4
1715185943 0.000148 0.000117 0.039013 0.039278 45 4
1715185944 0.000154 0.000122 0.001373 0.001649 84 4
1715185945 0.000143 0.000119 0.005115 0.005377 49 4
1715185946 0.000131 0.000118 0.013454 0.013703 32 4
1715185947 0.000148 0.000126 0.004793 0.005067 67 4
1715185948 0.000143 0.000121 0.053261 0.053525 43 4
1715185949 0.000147 0.000124 0.013379 0.013650 62 4
1715185950 0.000127 0.000117 4.290744 4.290988 16 4
1715185951 0.000141 0.000122 0.669251 0.669514 32 4
1715185952 0.000123 0.000127 1.865918 1.866168 23 4
1715185953 0.000131 0.000126 0.008551 0.008808 31 4
1715185954 0.000130 0.000121 0.003431 0.003682 48 4
1715185955 0.000124 0.000119 0.014569 0.014812 31 4
1715185956 0.000115 0.000115 0.008956 0.009186 43 4
1715185957 0.000133 0.000128 0.003514 0.003775 50 4
1715185958 0.000130 0.000121 0.005831 0.006082 47 4
1715185959 0.000124 0.000119 0.083271 0.083514 44 4
1715185960 0.000131 0.000126 0.107037 0.107294 30 4
1715185961 0.000125 0.000122 0.085184 0.085431 23 4
1715185962 0.000125 0.000122 0.075790 0.076037 27 4
1715185963 0.000135 0.000127 0.003990 0.004252 59 4
1715185964 0.000130 0.000122 0.045118 0.045370 33 4
1715185965 0.000131 0.000123 0.011626 0.011880 59 4
1715185966 0.000117 0.000118 0.254228 0.254463 33 4
1715185967 0.000137 0.000129 0.011431 0.011697 58 4
1715185968 0.000136 0.000121 0.002679 0.002936 65 4
1715185969 0.000124 0.000119 0.004222 0.004465 42 4
1715185970 0.000119 0.000116 0.169132 0.169367 25 4
1715185971 0.000128 0.000126 0.017073 0.017327 47 4
1715185972 0.000147 0.000118 0.046069 0.046334 42 4
1715185973 0.000148 0.000120 0.013102 0.013370 45 4
1715185974 0.000143 0.000126 0.001396 0.001665 110 4
1715185975 0.000135 0.000119 0.005195 0.005449 66 4
1715185976 0.000150 0.000118 0.013891 0.014159 14 4
1715185977 0.000144 0.000118 0.004941 0.005203 55 4
1715185978 0.000149 0.000118 0.079151 0.079418 8 4
1715185979 0.000162 0.000125 0.040757 0.041044 43 4
1715185980 0.000164 0.000125 0.003187 0.003476 93 4
1715185981 0.000134 0.000123 0.008390 0.008647 37 4
1715185982 0.000142 0.000129 0.018583 0.018854 39 4
1715185983 0.000132 0.000122 0.041765 0.042019 32 4
1715185984 0.000150 0.000122 0.035566 0.035838 43 4
1715185985 0.000151 0.000119 0.020613 0.020883 42 4
1715185986 0.000140 0.000118 0.022490 0.022748 48 4
1715185987 0.000145 0.000122 0.005331 0.005598 44 4
1715185988 0.000132 0.000119 0.075460 0.075711 15 4
1715185989 0.000143 0.000122 0.007579 0.007844 55 4
1715185990 0.000142 0.000128 0.001838 0.002108 55 4
1715185991 0.000149 0.000121 0.005006 0.005276 64 4
1715185992 0.000138 0.000119 0.011132 0.011389 54 4
1715185993 0.000132 0.000120 0.020239 0.020491 21 4
1715185994 0.000138 0.000117 0.005034 0.005289 34 4
1715185995 0.000146 0.000127 0.050736 0.051009 32 4
1715185996 0.000142 0.000123 0.063178 0.063443 27 4
1715185997 0.000136 0.000123 0.009119 0.009378 52 4
1715185998 0.000154 0.000118 0.001794 0.002066 67 4
1715185999 0.000127 0.000111 0.679190 0.679428 13 4
1715186000 0.000152 0.000125 0.005875 0.006152 47 4
1715186001 0.000155 0.000123 0.005650 0.005928 79 4
1715186002 0.000155 0.000122 0.000787 0.001064 110 4
1715186003 0.000139 0.000121 0.011295 0.011555 61 4
1715186004 0.000137 0.000117 0.065571 0.065825 50 4
1715186005 0.000143 0.000121 0.007983 0.008247 16 4
1715186006 0.000144 0.000123 0.002613 0.002880 45 4
1715186007 0.000132 0.000116 0.004369 0.004617 40 4
1715186008 0.000144 0.000121 0.003499 0.003764 80 4
1715186009 0.000147 0.000118 0.001926 0.002191 84 4
1715186010 0.000148 0.000118 0.004115 0.004381 63 4
1715186011 0.000115 0.000114 0.779786 0.780015 8 4
1715186012 0.000154 0.000128 0.001504 0.001786 64 4
1715186013 0.000130 0.000118 0.075583 0.075831 25 4
1715186014 0.000129 0.000122 0.038026 0.038277 34 4
