1715186965 0.001357 0.000954 0.251057 0.253368 37 4
1715186966 0.000201 0.000187 0.546783 0.547171 16 4
1715186967 0.000204 0.000168 0.112563 0.112935 36 4
1715186968 0.000235 0.000177 0.107004 0.107416 29 4
1715186969 0.000182 0.000164 0.023878 0.024224 25 4
1715186970 0.000209 0.000172 0.004250 0.004631 106 4
1715186971 0.000198 0.000172 1.408056 1.408426 27 4
1715186972 0.000189 0.000165 0.303912 0.304266 58 4
1715186973 0.000196 0.000166 0.084052 0.084414 16 4
1715186974 0.000209 0.000181 0.010113 0.010503 67 4
1715186975 0.000220 0.000182 0.005510 0.005912 41 4
1715186976 0.000195 0.000161 0.007672 0.008028 41 4
1715186977 0.000209 0.000164 0.005174 0.005547 55 4
1715186978 0.000206 0.000160 0.313998 0.314364 27 4
1715186979 0.000157 0.000159 0.723718 0.724034 20 4
1715186980 0.000173 0.000165 0.003419 0.003757 84 4
1715186981 0.000165 0.000158 0.006996 0.007319 60 4
1715186982 0.000163 0.000158 6.631800 6.632121 22 4
1715186983 0.000176 0.000163 0.021371 0.021710 53 4
1715186984 0.000155 0.000156 0.375058 0.375369 41 4
1715186985 0.000157 0.000156 1.706944 1.707257 16 4
1715186986 0.000169 0.000169 0.005205 0.005543 58 4
1715186987 0.000164 0.000161 0.016586 0.016911 57 4
1715186988 0.000158 0.000159 0.052919 0.053236 57 4
1715186989 0.000167 0.000162 0.014499 0.014828 69 4
1715186990 0.000157 0.000154 0.026909 0.027220 52 4
1715186991 0.000162 0.000158 0.007137 0.007457 78 4
1715186992 0.000159 0.000158 0.372209 0.372526 27 4
1715186993 0.000153 0.000157 0.060111 0.060421 33 4
1715186994 0.000180 0.000164 2.184455 2.184799 15 4
1715186995 0.000169 0.000164 0.002888 0.003221 87 4
1715186996 0.000161 0.000151 0.063888 0.064200 27 4
1715186997 0.000157 0.000176 0.007549 0.007882 44 4
1715186998 0.000180 0.000158 0.038178 0.038516 47 4
1715186999 0.000190 0.000172 0.069398 0.069760 41 4
1715187000 0.000161 0.000152 2.107719 2.108032 14 4
1715187001 0.000161 0.000158 0.091238 0.091557 38 4
1715187002 0.000154 0.000153 0.017912 0.018219 39 4
1715187003 0.000165 0.000158 0.012180 0.012503 67 4
1715187004 0.000159 0.000156 0.158416 0.158731 54 4
1715187005 0.000160 0.000159 0.040351 0.040670 56 4
1715187006 0.000154 0.000155 0.256250 0.256559 20 4
1715187007 0.000173 0.000169 0.037188 0.037530 50 4
1715187008 0.000184 0.000164 0.005426 0.005774 70 4
1715187009 0.000217 0.000159 0.010621 0.010997 64 4
1715187010 0.000169 0.000163 0.244813 0.245145 45 4
1715187011 0.000179 0.000161 0.015565 0.015905 50 4
1715187012 0.000157 0.000152 0.019632 0.019941 47 4
1715187013 0.000170 0.000161 0.003768 0.004099 92 4
1715187014 0.000149 0.000149 0.401932 0.402230 19 4
