1715185886 0.001135 0.000987 1.460659 1.462781 22 4
1715185887 0.000177 0.000159 0.086156 0.086492 69 4
1715185888 0.000203 0.000148 0.008476 0.008827 41 4
1715185889 0.000182 0.000137 0.014618 0.014937 61 4
1715185890 0.000178 0.000157 0.004151 0.004486 50 4
1715185891 0.000175 0.000157 0.015380 0.015712 54 4
1715185892 0.000184 0.000138 0.019216 0.019538 42 4
1715185893 0.000178 0.000147 0.001889 0.002214 87 4
1715185894 0.000167 0.000154 0.009609 0.009930 35 4
1715185895 0.000185 0.000145 0.005923 0.006253 58 4
1715185896 0.000184 0.000144 0.008852 0.009180 78 4
1715185897 0.000187 0.000139 0.036486 0.036812 22 4
1715185898 0.000238 0.000146 0.063876 0.064260 34 4
1715185899 0.000181 0.000150 0.010621 0.010952 71 4
1715185900 0.000175 0.000158 0.417134 0.417467 43 4
1715185901 0.000191 0.000151 0.089825 0.090167 45 4
1715185902 0.000174 0.000148 0.039363 0.039685 62 4
1715185903 0.000201 0.000160 0.002538 0.002899 89 4
1715185904 0.000169 0.000149 0.005842 0.006160 55 4
1715185905 0.000168 0.000157 0.025695 0.026020 36 4
1715185906 0.000181 0.000142 0.054859 0.055182 24 4
1715185907 0.000178 0.000150 0.007768 0.008096 43 4
1715185908 0.000183 0.000146 0.012933 0.013262 63 4
1715185909 0.000181 0.000147 0.018875 0.019203 41 4
1715185910 0.000171 0.000151 0.006437 0.006759 48 4
1715185911 0.000184 0.000147 0.006155 0.006486 49 4
1715185912 0.000186 0.000145 0.033449 0.033780 35 4
1715185913 0.000176 0.000154 0.003579 0.003909 90 4
1715185914 0.000177 0.000156 1.438233 1.438566 49 4
1715185915 0.000196 0.000146 0.009234 0.009576 50 4
1715185916 0.000163 0.000144 0.004228 0.004535 67 4
1715185917 0.000149 0.000132 0.087283 0.087564 28 4
1715185918 0.000188 0.000142 0.006785 0.007115 39 4
1715185919 0.000146 0.000135 0.018831 0.019112 30 4
1715185920 0.000169 0.000141 0.003065 0.003375 83 4
1715185921 0.000171 0.000144 0.007909 0.008224 42 4
1715185922 0.000161 0.000139 0.005710 0.006010 44 4
1715185923 0.000149 0.000135 0.007971 0.008255 37 4
1715185924 0.000161 0.000135 0.038265 0.038561 45 4
1715185925 0.000162 0.000141 0.126774 0.127077 26 4
1715185926 0.000146 0.000139 0.051524 0.051809 26 4
1715185927 0.000179 0.000138 0.002378 0.002695 42 4
1715185928 0.000157 0.000147 0.004949 0.005253 52 4
1715185929 0.000144 0.000134 0.005920 0.006198 34 4
1715185930 0.000154 0.000133 0.143916 0.144203 23 4
1715185931 0.000160 0.000142 0.136282 0.136584 20 4
1715185932 0.000148 0.000142 0.051602 0.051892 32 4
1715185933 0.000139 0.000136 0.017529 0.017804 41 4
1715185934 0.000146 0.000140 0.156878 0.157164 53 4
1715185935 0.000140 0.000140 0.056510 0.056790 38 4
1715185936 0.000138 0.000139 0.559691 0.559968 36 4
1715185937 0.000153 0.000148 0.001923 0.002224 87 4
1715185938 0.000144 0.000134 0.105375 0.105653 54 4
1715185939 0.000149 0.000144 0.015234 0.015527 37 4
1715185940 0.000134 0.000134 0.630278 0.630546 29 4
1715185941 0.000142 0.000142 0.004251 0.004535 51 4
1715185942 0.000148 0.000141 0.003650 0.003939 67 4
1715185943 0.000138 0.000131 0.134244 0.134513 49 4
1715185944 0.000152 0.000149 0.004534 0.004835 46 4
1715185945 0.000143 0.000142 0.004532 0.004817 68 4
1715185946 0.000140 0.000133 0.010318 0.010591 54 4
1715185947 0.000152 0.000151 0.007120 0.007423 81 4
1715185948 0.000145 0.000140 0.035228 0.035513 33 4
1715185949 0.000141 0.000136 0.026888 0.027165 28 4
1715185950 0.000132 0.000138 14.036756 14.037026 4 4
1715185951 0.000164 0.000153 0.177618 0.177935 48 4
1715185952 0.000132 0.000132 0.054721 0.054985 13 4
1715185953 0.000139 0.000139 0.017986 0.018264 34 4
1715185954 0.000148 0.000140 0.001857 0.002145 71 4
1715185955 0.000137 0.000135 0.030687 0.030959 45 4
1715185956 0.000138 0.000138 0.156178 0.156454 24 4
1715185957 0.000154 0.000144 0.007033 0.007331 50 4
1715185958 0.000140 0.000136 0.008898 0.009174 41 4
1715185959 0.000140 0.000136 0.013442 0.013718 49 4
1715185960 0.000144 0.000141 0.005412 0.005697 58 4
1715185961 0.000138 0.000133 0.038391 0.038662 24 4
1715185962 0.000138 0.000135 0.739439 0.739712 15 4
1715185963 0.000154 0.000148 0.006420 0.006722 74 4
1715185964 0.000149 0.000143 0.006610 0.006902 45 4
1715185965 0.000138 0.000132 0.016787 0.017057 32 4
1715185966 0.000138 0.000137 0.207580 0.207855 25 4
1715185967 0.000153 0.000148 0.002688 0.002989 65 4
1715185968 0.000152 0.000140 0.003879 0.004171 87 4
1715185969 0.000143 0.000135 0.018795 0.019073 64 4
1715185970 0.000135 0.000133 0.960701 0.960969 18 4
1715185971 0.000138 0.000139 0.017824 0.018101 38 4
1715185972 0.000139 0.000134 0.352047 0.352320 43 4
1715185973 0.000148 0.000142 0.002552 0.002842 60 4
1715185974 0.000151 0.000139 0.001447 0.001737 127 4
1715185975 0.000166 0.000136 0.002770 0.003072 94 4
1715185976 0.000138 0.000135 0.107024 0.107297 38 4
1715185977 0.000147 0.000137 0.017529 0.017813 68 4
1715185978 0.000147 0.000131 0.217539 0.217817 15 4
1715185979 0.000178 0.000146 0.011440 0.011764 28 4
1715185980 0.000162 0.000137 0.004654 0.004953 93 4
1715185981 0.000161 0.000135 0.269248 0.269544 22 4
1715185982 0.000174 0.000146 0.057711 0.058031 54 4
1715185983 0.000147 0.000139 0.218264 0.218550 34 4
1715185984 0.000144 0.000146 0.013368 0.013658 47 4
1715185985 0.000147 0.000136 0.037473 0.037756 52 4
1715185986 0.000147 0.000139 0.049514 0.049800 38 4
1715185987 0.000138 0.000135 0.013112 0.013385 16 4
1715185988 0.000145 0.000133 0.051531 0.051809 33 4
1715185989 0.000137 0.000134 0.094694 0.094965 33 4
1715185990 0.000150 0.000139 0.003557 0.003846 59 4
1715185991 0.000143 0.000136 0.099663 0.099942 30 4
1715185992 0.000148 0.000143 0.014037 0.014328 41 4
1715185993 0.000159 0.000147 0.025310 0.025616 63 4
1715185994 0.000156 0.000135 0.083171 0.083462 36 4
1715185995 0.000144 0.000136 0.064484 0.064764 28 4
1715185996 0.000135 0.000134 0.093225 0.093494 20 4
1715185997 0.000148 0.000139 0.002317 0.002604 86 4
1715185998 0.000143 0.000136 0.015520 0.015799 47 4
1715185999 0.000151 0.000137 0.151016 0.151304 37 4
1715186000 0.000147 0.000141 0.004209 0.004497 54 4
1715186001 0.000150 0.000143 0.009573 0.009866 58 4
1715186002 0.000158 0.000137 0.003340 0.003635 93 4
1715186003 0.000144 0.000136 0.004486 0.004766 72 4
1715186004 0.000161 0.000136 0.097231 0.097528 41 4
1715186005 0.000171 0.000140 0.005666 0.005977 36 4
1715186006 0.000150 0.000141 0.013696 0.013987 55 4
1715186007 0.000148 0.000139 0.213445 0.213732 49 4
1715186008 0.000163 0.000152 0.002932 0.003247 63 4
1715186009 0.000146 0.000140 0.004862 0.005148 50 4
1715186010 0.000166 0.000134 0.002950 0.003250 78 4
1715186011 0.000133 0.000135 0.007237 0.007505 19 4
1715186012 0.000147 0.000132 0.002784 0.003063 64 4
1715186013 0.000154 0.000130 0.245782 0.246066 19 4
1715186014 0.000182 0.000146 0.138090 0.138418 24 4
1715186015 0.000169 0.000137 0.045504 0.045810 28 4
1715186016 0.000171 0.000144 0.027129 0.027444 34 4
1715186017 0.000146 0.000137 0.045275 0.045558 38 4
1715186018 0.000195 0.000143 0.008661 0.008999 63 4
1715186019 0.000149 0.000138 0.010190 0.010477 57 4
1715186020 0.000144 0.000139 0.042461 0.042744 30 4
1715186021 0.000197 0.000146 0.048341 0.048684 58 4
1715186022 0.000150 0.000143 0.029901 0.030194 50 4
1715186023 0.000148 0.000137 0.001271 0.001556 107 4
1715186024 0.000158 0.000135 0.014831 0.015124 42 4
1715186025 0.000141 0.000138 0.093604 0.093883 26 4
1715186026 0.000197 0.000143 0.035209 0.035549 34 4
1715186027 0.000150 0.000139 0.033985 0.034274 31 4
1715186028 0.000149 0.000136 0.908315 0.908600 17 4
1715186029 0.000152 0.000144 0.012236 0.012532 41 4
1715186030 0.000136 0.000133 0.032942 0.033211 32 4
1715186031 0.000146 0.000141 0.003355 0.003642 84 4
1715186032 0.000150 0.000141 0.004092 0.004383 66 4
1715186033 0.000138 0.000132 0.006098 0.006368 43 4
1715186034 0.000142 0.000139 0.024803 0.025084 63 4
1715186035 0.000146 0.000132 0.001949 0.002227 128 4
1715186036 0.000142 0.000136 0.014693 0.014971 44 4
1715186037 0.000148 0.000140 0.008134 0.008422 53 4
1715186038 0.000142 0.000137 0.015606 0.015885 60 4
1715186039 0.000137 0.000150 0.139243 0.139530 14 4
1715186040 0.000154 0.000143 0.012719 0.013016 42 4
1715186041 0.000155 0.000134 0.008882 0.009171 48 4
1715186042 0.000147 0.000136 0.036724 0.037007 29 4
1715186043 0.000148 0.000143 0.007705 0.007996 57 4
1715186044 0.000146 0.000138 0.004727 0.005011 73 4
1715186045 0.000179 0.000131 0.022255 0.022565 29 4
1715186046 0.000144 0.000136 0.062625 0.062905 17 4
1715186047 0.000171 0.000141 0.003320 0.003632 68 4
1715186048 0.000181 0.000152 0.015759 0.016092 66 4
1715186049 0.000139 0.000131 0.441755 0.442025 9 4
1715186050 0.000152 0.000141 0.007232 0.007525 38 4
1715186051 0.000151 0.000140 0.001709 0.002000 80 4
1715186052 0.000140 0.000135 0.009330 0.009605 31 4
1715186053 0.000136 0.000144 0.097621 0.097901 9 4
1715186054 0.000145 0.000141 0.001805 0.002091 80 4
1715186055 0.000158 0.000133 0.030997 0.031288 35 4
1715186056 0.000140 0.000137 0.014165 0.014442 21 4
1715186057 0.000149 0.000136 0.007524 0.007809 66 4
1715186058 0.000133 0.000137 0.186884 0.187154 28 4
1715186059 0.000138 0.000137 1.299285 1.299560 24 4
1715186060 0.000144 0.000141 0.009079 0.009364 52 4
1715186061 0.000141 0.000134 0.014645 0.014920 21 4
1715186062 0.000143 0.000135 0.002641 0.002919 77 4
1715186063 0.000143 0.000133 0.003647 0.003923 74 4
1715186064 0.000143 0.000138 0.010354 0.010635 32 4
1715186065 0.000136 0.000134 0.019887 0.020157 42 4
1715186066 0.000140 0.000135 0.013191 0.013466 35 4
1715186067 0.000140 0.000135 0.197019 0.197294 19 4
1715186068 0.000137 0.000147 0.059516 0.059800 39 4
1715186069 0.000145 0.000138 0.005503 0.005786 42 4
1715186070 0.000151 0.000136 0.001509 0.001796 97 4
1715186071 0.000150 0.000132 12.358742 12.359024 16 4
1715186072 0.000140 0.000141 0.019274 0.019555 47 4
1715186073 0.000140 0.000138 0.040875 0.041153 36 4
1715186074 0.000147 0.000145 0.002992 0.003284 61 4
1715186075 0.000140 0.000133 0.009403 0.009676 36 4
1715186076 0.000136 0.000132 0.023039 0.023307 29 4
1715186077 0.000146 0.000140 0.049782 0.050068 27 4
1715186078 0.000140 0.000137 0.006962 0.007239 55 4
1715186079 0.000140 0.000134 0.130321 0.130595 29 4
1715186080 0.000149 0.000143 0.003761 0.004053 48 4
1715186081 0.000142 0.000134 0.005670 0.005946 47 4
1715186082 0.000145 0.000136 0.006217 0.006498 57 4
1715186083 0.000145 0.000139 0.003718 0.004002 42 4
1715186084 0.000158 0.000141 0.002841 0.003140 76 4
1715186085 0.000150 0.000136 0.006093 0.006379 58 4
1715186086 0.000144 0.000137 0.019290 0.019571 39 4
1715186087 0.000149 0.000141 0.007090 0.007380 62 4
1715186088 0.000162 0.000136 0.001485 0.001783 113 4
1715186089 0.000140 0.000132 0.015690 0.015962 25 4
1715186090 0.000161 0.000136 0.007007 0.007304 64 4
1715186091 0.000154 0.000136 0.001522 0.001812 93 4
1715186092 0.000157 0.000141 0.009529 0.009827 44 4
1715186093 0.000134 0.000129 0.203941 0.204204 25 4
1715186094 0.000170 0.000143 0.008121 0.008434 52 4
1715186095 0.000142 0.000137 0.011001 0.011280 24 4
1715186096 0.000142 0.000133 0.076557 0.076832 50 4
1715186097 0.000162 0.000137 0.008342 0.008641 49 4
1715186098 0.000143 0.000134 0.062110 0.062387 46 4
1715186099 0.000148 0.000142 0.014608 0.014898 38 4
1715186100 0.000147 0.000137 0.008467 0.008751 61 4
1715186101 0.000148 0.000140 0.001711 0.001999 88 4
1715186102 0.000129 0.000133 0.086676 0.086938 12 4
1715186103 0.000135 0.000139 0.029831 0.030105 63 4
1715186104 0.000141 0.000137 0.004569 0.004847 80 4
1715186105 0.000131 0.000130 0.303014 0.303275 16 4
1715186106 0.000160 0.000147 0.031792 0.032099 59 4
1715186107 0.000143 0.000135 0.109887 0.110165 27 4
1715186108 0.000142 0.000143 0.007862 0.008147 60 4
1715186109 0.000150 0.000135 0.392296 0.392581 18 4
1715186110 0.000153 0.000145 0.003546 0.003844 74 4
1715186111 0.000149 0.000138 0.003981 0.004268 52 4
1715186112 0.000140 0.000132 0.280200 0.280472 31 4
1715186113 0.000142 0.000141 0.076426 0.076709 28 4
1715186114 0.000145 0.000141 0.004760 0.005046 44 4
1715186115 0.000139 0.000135 0.013049 0.013323 51 4
1715186116 0.000150 0.000143 0.005029 0.005322 88 4
1715186117 0.000146 0.000142 0.057392 0.057680 66 4
1715186118 0.000148 0.000143 0.016511 0.016802 36 4
1715186119 0.000149 0.000134 0.060586 0.060869 25 4
1715186120 0.000154 0.000144 0.038931 0.039229 58 4
1715186121 0.000163 0.000135 0.001467 0.001765 96 4
1715186122 0.000155 0.000137 0.006082 0.006374 28 4
1715186123 0.000159 0.000142 0.004702 0.005003 71 4
1715186124 0.000144 0.000130 0.055075 0.055349 23 4
1715186125 0.000156 0.000138 0.028557 0.028851 22 4
1715186126 0.000158 0.000135 0.184814 0.185107 35 4
1715186127 0.000175 0.000145 0.003869 0.004189 93 4
1715186128 0.000161 0.000138 0.133313 0.133612 32 4
1715186129 0.000169 0.000144 0.016040 0.016353 42 4
1715186130 0.000139 0.000137 0.310461 0.310737 25 4
1715186131 0.000162 0.000147 0.000834 0.001143 138 4
1715186132 0.000138 0.000136 0.623228 0.623502 22 4
1715186133 0.000145 0.000139 0.199472 0.199756 37 4
1715186134 0.000142 0.000140 0.049664 0.049946 49 4
1715186135 0.000145 0.000144 0.003581 0.003870 69 4
1715186136 0.000134 0.000130 0.047339 0.047603 30 4
1715186137 0.000148 0.000136 0.061649 0.061933 42 4
1715186138 0.000144 0.000135 0.048138 0.048417 14 4
1715186139 0.000142 0.000137 0.018891 0.019170 35 4
1715186140 0.000141 0.000134 0.013563 0.013838 28 4
1715186141 0.000151 0.000141 0.002372 0.002664 77 4
1715186142 0.000137 0.000133 0.136665 0.136935 17 4
1715186143 0.000151 0.000149 0.023910 0.024210 59 4
1715186144 0.000147 0.000134 0.001043 0.001324 121 4
1715186145 0.000144 0.000138 0.004214 0.004496 86 4
1715186146 0.000139 0.000132 0.014966 0.015237 48 4
1715186147 0.000140 0.000135 0.213791 0.214066 27 4
1715186148 0.000145 0.000144 0.050128 0.050417 41 4
1715186149 0.000143 0.000138 0.033523 0.033804 39 4
1715186150 0.000141 0.000135 0.175936 0.176212 39 4
1715186151 0.000143 0.000140 0.015234 0.015517 27 4
1715186152 0.000139 0.000135 0.519440 0.519714 26 4
1715186153 0.000149 0.000143 0.002652 0.002944 59 4
1715186154 0.000145 0.000134 0.010047 0.010326 61 4
1715186155 0.000144 0.000138 0.050153 0.050435 48 4
1715186156 0.000146 0.000138 0.009800 0.010084 20 4
1715186157 0.000134 0.000134 0.084892 0.085160 31 4
1715186158 0.000154 0.000149 0.010797 0.011100 72 4
1715186159 0.000150 0.000144 0.003886 0.004180 90 4
1715186160 0.000135 0.000132 0.096955 0.097222 27 4
1715186161 0.000150 0.000141 0.004117 0.004408 54 4
1715186162 0.000162 0.000134 0.004709 0.005005 78 4
1715186163 0.000150 0.000136 0.018879 0.019165 61 4
1715186164 0.000144 0.000136 0.711320 0.711600 23 4
1715186165 0.000149 0.000139 0.018260 0.018548 61 4
1715186166 0.000143 0.000136 0.031433 0.031712 20 4
1715186167 0.000147 0.000139 0.011887 0.012173 62 4
1715186168 0.000143 0.000132 0.176972 0.177247 16 4
1715186169 0.000146 0.000139 0.004235 0.004520 28 4
1715186170 0.000155 0.000137 0.013416 0.013708 55 4
1715186171 0.000144 0.000137 0.005171 0.005452 48 4
1715186172 0.000144 0.000134 0.012736 0.013014 32 4
1715186173 0.000140 0.000135 0.057575 0.057850 37 4
1715186174 0.000150 0.000141 0.006620 0.006911 71 4
1715186175 0.000170 0.000139 0.004045 0.004354 89 4
1715186176 0.000142 0.000137 0.205567 0.205846 35 4
1715186177 0.000150 0.000142 0.015625 0.015917 17 4
1715186178 0.000135 0.000138 0.008734 0.009007 45 4
1715186179 0.000154 0.000139 0.010446 0.010739 59 4
1715186180 0.000138 0.000135 0.117188 0.117461 47 4
1715186181 0.000141 0.000136 0.255295 0.255572 44 4
1715186182 0.000161 0.000151 0.001768 0.002080 89 4
1715186183 0.000147 0.000137 0.040769 0.041053 58 4
1715186184 0.000150 0.000141 0.004250 0.004541 94 4
1715186185 0.000150 0.000138 0.057606 0.057894 34 4
1715186186 0.000148 0.000137 0.003066 0.003351 82 4
1715186187 0.000148 0.000138 0.026961 0.027247 50 4
1715186188 0.000145 0.000140 0.059578 0.059863 46 4
1715186189 0.000155 0.000143 0.007999 0.008297 65 4
1715186190 0.000144 0.000130 0.030104 0.030378 44 4
1715186191 0.000148 0.000143 0.007773 0.008064 50 4
1715186192 0.000142 0.000134 0.021161 0.021437 48 4
1715186193 0.000145 0.000141 0.024657 0.024943 60 4
1715186194 0.000150 0.000134 0.013717 0.014001 61 4
1715186195 0.000150 0.000137 0.002704 0.002991 92 4
1715186196 0.000141 0.000137 0.011904 0.012182 27 4
1715186197 0.000137 0.000132 0.479771 0.480040 8 4
1715186198 0.000160 0.000149 0.048382 0.048691 50 4
1715186199 0.000151 0.000142 0.003500 0.003793 54 4
1715186200 0.000148 0.000139 0.022937 0.023224 66 4
1715186201 0.000151 0.000141 0.006005 0.006297 46 4
1715186202 0.000139 0.000131 0.036751 0.037021 25 4
1715186203 0.000145 0.000138 0.008526 0.008809 69 4
1715186204 0.000147 0.000136 0.010213 0.010496 46 4
1715186205 0.000148 0.000135 0.012655 0.012938 27 4
1715186206 0.000149 0.000142 0.007026 0.007317 53 4
1715186207 0.000124 0.000129 5.028341 5.028594 10 4
1715186208 0.000157 0.000151 0.002211 0.002519 82 4
1715186209 0.000149 0.000138 0.005010 0.005297 84 4
1715186210 0.000145 0.000137 0.006888 0.007170 59 4
1715186211 0.000143 0.000140 0.013841 0.014124 50 4
1715186212 0.000148 0.000139 0.017335 0.017622 56 4
1715186213 0.000146 0.000141 0.016048 0.016335 60 4
1715186214 0.000149 0.000139 0.007129 0.007417 44 4
1715186215 0.000147 0.000136 0.063496 0.063779 61 4
1715186216 0.000161 0.000153 0.006092 0.006406 75 4
1715186217 0.000149 0.000136 0.062158 0.062443 39 4
1715186218 0.000157 0.000143 0.038730 0.039030 55 4
1715186219 0.000145 0.000139 0.619688 0.619972 12 4
1715186220 0.000145 0.000142 0.067534 0.067821 53 4
1715186221 0.000154 0.000143 0.040509 0.040806 53 4
1715186222 0.000141 0.000142 0.028341 0.028624 24 4
1715186223 0.000147 0.000139 0.001707 0.001993 76 4
1715186224 0.000140 0.000133 196.208915 196.209188 34 4
1715186225 0.000145 0.000151 0.175400 0.175696 33 4
1715186226 0.000143 0.000143 0.034272 0.034558 27 4
1715186227 0.000147 0.000140 0.005709 0.005996 62 4
1715186228 0.000150 0.000142 0.165397 0.165689 50 4
1715186229 0.000145 0.000138 0.018744 0.019027 52 4
1715186230 0.000144 0.000133 0.063004 0.063281 26 4
1715186231 0.000147 0.000139 0.001509 0.001795 95 4
1715186232 0.000150 0.000145 0.007428 0.007723 87 4
1715186233 0.000141 0.000131 0.014846 0.015118 37 4
1715186234 0.000134 0.000134 0.428489 0.428757 10 4
1715186235 0.000153 0.000144 0.004378 0.004675 81 4
1715186236 0.000149 0.000136 0.005799 0.006084 54 4
1715186237 0.000149 0.000143 0.009024 0.009316 71 4
1715186238 0.000147 0.000139 0.004450 0.004736 67 4
1715186239 0.000136 0.000136 0.704940 0.705212 27 4
1715186240 0.000149 0.000145 0.007406 0.007700 51 4
1715186241 0.000142 0.000135 0.134112 0.134389 34 4
1715186242 0.000173 0.000145 0.018292 0.018610 65 4
1715186243 0.000151 0.000140 0.023214 0.023505 38 4
1715186244 0.000170 0.000144 0.005389 0.005703 73 4
1715186245 0.000150 0.000133 0.007576 0.007859 57 4
1715186246 0.000155 0.000135 0.006835 0.007125 33 4
1715186247 0.000146 0.000136 0.333046 0.333328 25 4
1715186248 0.000183 0.000141 0.016916 0.017240 27 4
1715186249 0.000158 0.000141 0.005353 0.005652 74 4
1715186250 0.000151 0.000136 0.048960 0.049247 56 4
1715186251 0.000157 0.000147 0.027747 0.028051 69 4
1715186252 0.000168 0.000136 0.103215 0.103519 19 4
1715186253 0.000179 0.000143 0.348522 0.348844 31 4
1715186254 0.000168 0.000149 0.006950 0.007267 79 4
1715186255 0.000157 0.000137 0.083501 0.083795 21 4
1715186256 0.000173 0.000144 0.025666 0.025983 64 4
1715186257 0.000160 0.000133 0.160903 0.161196 29 4
1715186258 0.000149 0.000139 0.052746 0.053034 51 4
1715186259 0.000170 0.000143 0.132605 0.132918 23 4
1715186260 0.000170 0.000142 0.070724 0.071036 40 4
1715186261 0.000164 0.000146 0.063647 0.063957 61 4
1715186262 0.000144 0.000139 0.482362 0.482645 24 4
1715186263 0.000151 0.000144 0.247593 0.247888 33 4
1715186264 0.000153 0.000142 0.016915 0.017210 61 4
1715186265 0.000149 0.000142 0.010394 0.010685 63 4
1715186266 0.000148 0.000136 0.006576 0.006860 39 4
1715186267 0.000136 0.000135 0.249681 0.249952 31 4
1715186268 0.000151 0.000145 0.009143 0.009439 45 4
1715186269 0.000151 0.000136 0.017780 0.018067 55 4
1715186270 0.000138 0.000137 0.515955 0.516230 19 4
1715186271 0.000145 0.000138 0.036717 0.037000 15 4
1715186272 0.000145 0.000138 0.002980 0.003263 29 4
1715186273 0.000133 0.000135 0.272787 0.273055 21 4
1715186274 0.000152 0.000139 0.017383 0.017674 26 4
1715186275 0.000144 0.000137 0.016028 0.016309 53 4
1715186276 0.000139 0.000132 1.046886 1.047157 24 4
1715186277 0.000145 0.000144 0.017768 0.018057 29 4
1715186278 0.000153 0.000138 0.003009 0.003300 73 4
1715186279 0.000142 0.000133 0.099858 0.100133 22 4
1715186280 0.000140 0.000137 0.011132 0.011409 32 4
1715186281 0.000156 0.000143 0.005475 0.005774 74 4
1715186282 0.000140 0.000136 0.003920 0.004196 35 4
1715186283 0.000141 0.000133 0.298861 0.299135 32 4
1715186284 0.000159 0.000139 0.004757 0.005055 82 4
1715186285 0.000143 0.000138 0.562987 0.563268 16 4
1715186286 0.000139 0.000135 0.077638 0.077912 17 4
1715186287 0.000145 0.000140 2.139957 2.140242 13 4
1715186288 0.000145 0.000140 1.625154 1.625439 13 4
1715186289 0.000155 0.000141 0.085969 0.086265 64 4
1715186290 0.000156 0.000145 0.009301 0.009602 32 4
1715186291 0.000147 0.000136 0.351160 0.351443 43 4
1715186292 0.000151 0.000141 0.015373 0.015665 23 4
1715186293 0.000159 0.000141 0.006313 0.006613 62 4
1715186294 0.000154 0.000136 0.003196 0.003486 73 4
1715186295 0.000148 0.000135 0.016399 0.016682 42 4
1715186296 0.000147 0.000141 0.011959 0.012247 53 4
1715186297 0.000152 0.000133 0.005358 0.005643 71 4
1715186298 0.000153 0.000142 0.004382 0.004677 67 4
1715186299 0.000147 0.000138 0.013248 0.013533 24 4
1715186300 0.000176 0.000152 0.203181 0.203509 63 4
1715186301 0.000157 0.000146 0.009215 0.009518 46 4
1715186302 0.000156 0.000142 0.006353 0.006651 84 4
1715186303 0.000150 0.000140 0.020382 0.020672 24 4
1715186304 0.000148 0.000140 0.006761 0.007049 64 4
1715186305 0.000167 0.000142 0.025487 0.025796 35 4
1715186306 0.000170 0.000139 0.011572 0.011881 57 4
1715186307 0.000142 0.000135 0.009831 0.010108 26 4
1715186308 0.000139 0.000136 0.015982 0.016257 43 4
1715186309 0.000146 0.000144 0.058004 0.058294 32 4
1715186310 0.000177 0.000143 0.004456 0.004776 72 4
1715186311 0.000161 0.000141 0.014105 0.014407 56 4
1715186312 0.000161 0.000134 0.058493 0.058788 24 4
1715186313 0.000185 0.000142 0.001056 0.001383 112 4
1715186314 0.000148 0.000137 0.012752 0.013037 37 4
1715186315 0.000163 0.000141 0.002576 0.002880 65 4
1715186316 0.000159 0.000135 0.018909 0.019203 27 4
1715186317 0.000156 0.000135 0.005701 0.005992 37 4
1715186318 0.000150 0.000137 0.010961 0.011248 44 4
1715186319 0.000146 0.000139 0.031834 0.032119 37 4
1715186320 0.000160 0.000138 0.255254 0.255552 23 4
1715186321 0.000168 0.000144 0.003550 0.003862 76 4
1715186322 0.000149 0.000137 0.001870 0.002156 78 4
1715186323 0.000163 0.000150 0.004107 0.004420 87 4
1715186324 0.000157 0.000135 0.128437 0.128729 17 4
1715186325 0.000175 0.000146 0.002187 0.002508 67 4
1715186326 0.000166 0.000147 0.065793 0.066106 47 4
1715186327 0.000161 0.000144 0.002967 0.003272 55 4
1715186328 0.000141 0.000130 0.036314 0.036585 29 4
1715186329 0.000151 0.000150 0.012671 0.012972 69 4
1715186330 0.000162 0.000136 0.004012 0.004310 75 4
1715186331 0.000207 0.000129 0.076449 0.076785 18 4
1715186332 0.000168 0.000138 0.024670 0.024976 34 4
1715186333 0.000150 0.000135 0.318830 0.319115 18 4
1715186334 0.000165 0.000145 0.007798 0.008108 36 4
1715186335 0.000165 0.000137 0.078218 0.078520 39 4
1715186336 0.000182 0.000142 0.009989 0.010313 88 4
1715186337 0.000140 0.000141 0.088757 0.089038 16 4
1715186338 0.000172 0.000147 0.004836 0.005155 77 4
1715186339 0.000153 0.000135 0.018922 0.019210 26 4
1715186340 0.000151 0.000136 0.217882 0.218169 37 4
1715186341 0.000152 0.000142 0.007293 0.007587 63 4
1715186342 0.000140 0.000136 1.886298 1.886574 26 4
1715186343 0.000157 0.000149 0.034539 0.034845 47 4
1715186344 0.000155 0.000144 0.009097 0.009396 24 4
1715186345 0.000151 0.000137 0.047914 0.048202 46 4
1715186346 0.000151 0.000142 0.014934 0.015227 48 4
1715186347 0.000156 0.000141 0.006550 0.006847 35 4
1715186348 0.000152 0.000138 0.130271 0.130561 46 4
1715186349 0.000158 0.000152 0.078827 0.079137 58 4
1715186350 0.000160 0.000145 0.007643 0.007948 52 4
1715186351 0.000140 0.000135 0.747998 0.748273 17 4
1715186352 0.000152 0.000143 0.005363 0.005658 72 4
1715186353 0.000146 0.000137 0.003001 0.003284 70 4
1715186354 0.000147 0.000139 0.053496 0.053782 27 4
1715186355 0.000152 0.000146 0.003197 0.003495 79 4
1715186356 0.000147 0.000138 0.008271 0.008556 70 4
1715186357 0.000150 0.000142 0.036070 0.036362 61 4
1715186358 0.000153 0.000141 0.003956 0.004250 67 4
1715186359 0.000150 0.000132 0.001893 0.002175 94 4
1715186360 0.000143 0.000134 0.777534 0.777811 18 4
1715186361 0.000157 0.000147 0.048104 0.048408 69 4
1715186362 0.000152 0.000144 0.009399 0.009695 79 4
1715186363 0.000145 0.000134 0.207955 0.208234 37 4
1715186364 0.000150 0.000146 0.328686 0.328982 31 4
1715186365 0.000144 0.000137 0.114397 0.114678 36 4
1715186366 0.000146 0.000141 0.022746 0.023033 35 4
1715186367 0.000140 0.000134 0.020809 0.021083 31 4
1715186368 0.000158 0.000142 0.002654 0.002954 86 4
1715186369 0.000146 0.000138 0.081812 0.082096 25 4
1715186370 0.000149 0.000140 0.006064 0.006353 46 4
1715186371 0.000151 0.000138 0.164783 0.165072 32 4
1715186372 0.000150 0.000145 0.078284 0.078579 44 4
1715186373 0.000148 0.000143 0.035274 0.035565 20 4
1715186374 0.000149 0.000135 0.243923 0.244207 43 4
1715186375 0.000149 0.000140 0.010971 0.011260 7 4
1715186376 0.000164 0.000142 0.002289 0.002595 110 4
1715186377 0.000145 0.000136 0.002007 0.002288 58 4
1715186378 0.000144 0.000134 0.054828 0.055106 36 4
1715186379 0.000149 0.000144 0.159755 0.160048 22 4
1715186380 0.000153 0.000143 0.342437 0.342733 18 4
1715186381 0.000143 0.000136 0.028119 0.028398 22 4
1715186382 0.000157 0.000146 0.012092 0.012395 50 4
1715186383 0.000147 0.000134 0.105403 0.105684 16 4
1715186384 0.000154 0.000144 0.022266 0.022564 50 4
1715186385 0.000166 0.000139 0.016505 0.016810 37 4
