1715357883 0.039409 0.000223 0.014344 0.053976 18 3
1715357884 0.053109 0.000200 0.035633 0.088942 43 3
1715357885 0.046624 0.000190 0.009755 0.056569 32 3
1715357886 0.057097 0.000210 0.002562 0.059869 57 3
1715357887 0.053101 0.000200 0.001355 0.054656 64 3
1715357888 0.052766 0.000197 0.005764 0.058727 32 3
1715357889 0.046027 0.000201 0.004599 0.050827 35 3
1715357890 0.048960 0.000197 0.014711 0.063868 55 3
1715357891 0.051608 0.000194 0.010160 0.061962 35 3
1715357892 0.043071 0.000204 0.004598 0.047873 52 3
1715357893 0.071183 0.000217 0.001445 0.072845 101 3
1715357894 0.046409 0.000193 0.001824 0.048426 45 3
1715357895 0.041376 0.000191 0.026469 0.068036 32 3
1715357896 0.039139 0.000198 1.746875 1.786212 26 3
1715357897 0.038528 0.000191 0.026545 0.065264 50 3
1715357898 0.055206 0.000194 0.013406 0.068806 31 3
1715357899 0.056288 0.000193 0.000638 0.057119 73 3
1715357900 0.037948 0.000173 0.002325 0.040446 38 3
1715357901 0.049734 0.000180 0.004124 0.054038 65 3
1715357902 0.053962 0.000184 0.000258 0.054404 69 3
1715357903 0.054168 0.000180 0.007826 0.062174 43 3
1715357904 0.053987 0.000185 0.044613 0.098785 49 3
1715357905 0.044974 0.000184 0.004191 0.049349 8 3
1715357906 0.048200 0.000195 0.002257 0.050652 55 3
1715357907 0.026062 0.000174 190.113919 190.140155 16 3
1715357908 0.048810 0.000177 0.001320 0.050307 36 3
1715357909 0.033031 0.000173 0.368689 0.401893 16 3
1715357910 0.048821 0.000185 0.005101 0.054107 39 3
1715357911 0.056905 0.000190 0.001207 0.058302 66 3
1715357912 0.057838 0.000182 0.009387 0.067407 40 3
1715357913 0.052220 0.000179 0.000749 0.053148 65 3
1715357914 0.044745 0.000181 0.008817 0.053743 38 3
1715357915 0.060474 0.000186 0.000833 0.061493 78 3
1715357916 0.059341 0.000181 0.009850 0.069372 68 3
1715357917 0.054561 0.000183 0.000356 0.055100 51 3
1715357918 0.047876 0.000186 0.000607 0.048669 56 3
1715357919 0.052672 0.000192 0.007136 0.060000 64 3
1715357920 0.056559 0.000190 0.000446 0.057195 56 3
1715357921 0.052219 0.000189 0.002769 0.055177 50 3
1715357922 0.047975 0.000185 0.001408 0.049568 57 3
1715357923 0.044886 0.000188 0.005857 0.050931 37 3
1715357924 0.055191 0.000192 0.000670 0.056053 52 3
1715357925 0.044336 0.000185 0.010823 0.055344 22 3
1715357926 0.068078 0.000206 0.007124 0.075408 62 3
1715357927 0.069801 0.000189 0.005073 0.075063 99 3
1715357928 0.060022 0.000205 0.000568 0.060795 83 3
1715357929 0.046237 0.000190 0.005600 0.052027 20 3
1715357930 0.064899 0.000192 0.001890 0.066981 82 3
1715357931 0.057012 0.000195 0.007150 0.064357 63 3
1715357932 0.045674 0.000195 0.031381 0.077250 31 3
1715357933 0.050165 0.000196 0.005527 0.055888 56 3
1715357934 0.046379 0.000200 0.001118 0.047697 42 3
1715357935 0.046367 0.000190 0.170361 0.216918 48 3
1715357936 0.055189 0.000187 0.007440 0.062816 45 3
1715357937 0.052619 0.000203 0.002269 0.055091 42 3
1715357938 0.043280 0.000187 0.426229 0.469696 36 3
1715357939 0.050338 0.000180 0.011000 0.061518 46 3
1715357940 0.054836 0.000193 0.004873 0.059902 64 3
1715357941 0.041345 0.000179 0.838083 0.879607 21 3
1715357942 0.036566 0.000175 0.313397 0.350138 19 3
1715357943 0.054028 0.000182 0.000690 0.054900 74 3
1715357944 0.054022 0.000187 0.000685 0.054894 69 3
1715357945 0.055565 0.000177 0.000958 0.056700 40 3
1715357946 0.041749 0.000176 0.045507 0.087432 71 3
1715357947 0.041517 0.000174 0.018198 0.059889 28 3
1715357948 0.051536 0.000180 0.006722 0.058438 41 3
1715357949 0.050352 0.000177 0.000707 0.051236 60 3
1715357950 0.061912 0.000181 0.000946 0.063039 58 3
1715357951 0.051857 0.000184 0.000723 0.052764 58 3
1715357952 0.038764 0.000173 0.076858 0.115795 12 3
1715357953 0.043765 0.000177 0.004898 0.048840 40 3
1715357954 0.065265 0.000180 0.001067 0.066512 67 3
1715357955 0.044311 0.000184 0.003536 0.048031 54 3
1715357956 0.055206 0.000184 0.005034 0.060424 62 3
1715357957 0.050336 0.000173 0.000342 0.050851 91 3
1715357958 0.036289 0.000175 0.040531 0.076995 16 3
1715357959 0.047282 0.000176 0.003909 0.051367 50 3
1715357960 0.064477 0.000177 0.004491 0.069145 58 3
1715357961 0.055520 0.000182 0.000397 0.056099 87 3
1715357962 0.037466 0.000176 0.041448 0.079090 12 3
1715357963 0.046870 0.000174 0.005141 0.052185 37 3
1715357964 0.047268 0.000184 0.001290 0.048742 65 3
1715357965 0.067731 0.000187 0.030700 0.098618 32 3
1715357966 0.042673 0.000171 0.000729 0.043573 30 3
1715357967 0.055177 0.000187 0.002543 0.057907 64 3
1715357968 0.046200 0.000187 2.934222 2.980609 26 3
1715357969 0.046535 0.000182 0.012036 0.058753 39 3
1715357970 0.042021 0.000174 0.002159 0.044354 54 3
1715357971 0.050612 0.000178 0.004062 0.054852 53 3
1715357972 0.038630 0.000168 0.006450 0.045248 30 3
1715357973 0.044142 0.000177 0.019640 0.063959 56 3
1715357974 0.042125 0.000175 0.036913 0.079213 23 3
1715357975 0.042357 0.000184 0.000383 0.042924 53 3
1715357976 0.042672 0.000182 0.015603 0.058457 32 3
1715357977 0.039533 0.000175 3.853319 3.893027 28 3
1715357978 0.058816 0.000186 0.001115 0.060117 77 3
1715357979 0.055847 0.000183 0.002609 0.058639 33 3
1715357980 0.045497 0.000178 0.003815 0.049490 50 3
1715357981 0.041484 0.000176 0.003496 0.045156 30 3
1715357982 0.048987 0.000187 0.002358 0.051532 60 3
1715357983 0.048361 0.000184 0.003404 0.051949 46 3
1715357984 0.044729 0.000202 0.002028 0.046959 33 3
1715357985 0.053982 0.000205 0.000897 0.055084 47 3
1715357986 0.048428 0.000187 0.296944 0.345559 38 3
1715357987 0.052399 0.000194 0.001339 0.053932 36 3
1715357988 0.045581 0.000194 0.001305 0.047080 70 3
1715357989 0.051153 0.000196 0.007149 0.058498 26 3
1715357990 0.062207 0.000193 0.000639 0.063039 42 3
1715357991 0.057312 0.000202 0.001511 0.059025 59 3
1715357992 0.049280 0.000203 0.006284 0.055767 26 3
1715357993 0.052388 0.000203 0.005045 0.057636 33 3
1715357994 0.052863 0.000191 0.008048 0.061102 34 3
1715357995 0.043116 0.000185 0.007320 0.050621 38 3
1715357996 0.056531 0.000179 0.012633 0.069343 40 3
1715357997 0.060933 0.000223 0.002411 0.063567 73 3
1715357998 0.056481 0.000193 0.000430 0.057104 68 3
1715357999 0.061371 0.000200 0.001598 0.063169 56 3
1715358000 0.056543 0.000207 0.001117 0.057867 88 3
1715358001 0.056229 0.000188 0.015085 0.071502 28 3
1715358002 0.052219 0.000195 0.007990 0.060404 40 3
1715358003 0.056471 0.000190 0.013986 0.070647 38 3
1715358004 0.071969 0.000190 0.001012 0.073171 109 3
1715358005 0.062807 0.000202 0.000242 0.063251 91 3
1715358006 0.037873 0.000181 0.002288 0.040342 21 3
1715358007 0.056782 0.000192 0.008979 0.065953 54 3
1715358008 0.042556 0.000188 0.012471 0.055215 32 3
1715358009 0.062578 0.000196 0.000447 0.063221 88 3
1715358010 0.058335 0.000189 0.020395 0.078919 36 3
1715358011 0.042942 0.000182 0.283032 0.326156 29 3
1715358012 0.050788 0.000181 0.006758 0.057727 41 3
1715358013 0.064383 0.000185 0.001358 0.065926 77 3
1715358014 0.041344 0.000205 0.123602 0.165151 25 3
1715358015 0.037969 0.000170 0.043664 0.081803 33 3
1715358016 0.062410 0.000186 0.000349 0.062945 88 3
1715358017 0.047555 0.000176 0.004466 0.052197 63 3
1715358018 0.039569 0.000182 0.881057 0.920808 19 3
1715358019 0.047879 0.000202 0.171008 0.219089 51 3
1715358020 0.054698 0.000193 0.000938 0.055829 74 3
1715358021 0.047857 0.000196 0.005647 0.053700 59 3
1715358022 0.045493 0.000199 0.027573 0.073265 48 3
1715358023 0.042638 0.000193 0.082989 0.125820 35 3
1715358024 0.080260 0.000185 0.000163 0.080608 160 3
1715358025 0.058526 0.000184 0.041486 0.100196 61 3
1715358026 0.045696 0.000181 0.002517 0.048394 56 3
1715358027 0.030942 0.000173 0.034587 0.065702 13 3
1715358028 0.070274 0.000188 0.002005 0.072467 89 3
1715358029 0.039344 0.000177 0.016203 0.055724 21 3
1715358030 0.055012 0.000176 0.409418 0.464606 29 3
1715358031 0.042268 0.000178 0.010666 0.053112 35 3
1715358032 0.053120 0.000187 0.002118 0.055425 54 3
1715358033 0.055218 0.000187 0.000752 0.056157 71 3
1715358034 0.047147 0.000175 0.001702 0.049024 52 3
1715358035 0.052865 0.000188 0.001291 0.054344 58 3
1715358036 0.056659 0.000180 0.000573 0.057412 85 3
1715358037 0.067558 0.000189 0.000278 0.068025 110 3
1715358038 0.047290 0.000176 0.003711 0.051177 54 3
1715358039 0.050687 0.000176 0.004047 0.054910 42 3
1715358040 0.048017 0.000182 0.000505 0.048704 64 3
1715358041 0.039968 0.000178 0.070731 0.110877 25 3
1715358042 0.036966 0.000173 0.003620 0.040759 26 3
1715358043 0.049510 0.000183 0.001357 0.051050 65 3
1715358044 0.046717 0.000169 0.000615 0.047501 62 3
1715358045 0.048120 0.000181 0.000590 0.048891 73 3
1715358046 0.059258 0.000176 0.000619 0.060053 76 3
1715358047 0.070352 0.000182 0.001630 0.072164 55 3
1715358048 0.060250 0.000190 0.000234 0.060674 106 3
1715358049 0.046977 0.000192 0.048377 0.095546 41 3
1715358050 0.058020 0.000192 0.000947 0.059159 62 3
1715358051 0.033605 0.000181 11.046910 11.080696 16 3
1715358052 0.036413 0.000177 0.009603 0.046193 27 3
1715358053 0.049087 0.000178 0.002323 0.051588 53 3
1715358054 0.046823 0.000184 0.003649 0.050656 19 3
1715358055 0.051544 0.000192 0.000530 0.052266 52 3
1715358056 0.042106 0.000190 0.005041 0.047337 21 3
1715358057 0.050672 0.000192 0.001217 0.052081 61 3
1715358058 0.076363 0.000200 0.000447 0.077010 81 3
1715358059 0.047332 0.000189 0.006073 0.053594 37 3
1715358060 0.051648 0.000187 0.086444 0.138279 50 3
1715358061 0.045256 0.000188 0.182243 0.227687 34 3
1715358062 0.055841 0.000182 0.000597 0.056620 55 3
1715358063 0.051776 0.000186 0.001534 0.053496 50 3
1715358064 0.035531 0.000177 0.043331 0.079039 17 3
1715358065 0.054433 0.000194 0.007062 0.061689 56 3
1715358066 0.046117 0.000185 0.951004 0.997306 23 3
1715358067 0.041887 0.000172 0.013965 0.056024 31 3
1715358068 0.095899 0.000197 0.000870 0.096966 87 3
1715358069 0.047313 0.000192 0.000924 0.048429 36 3
1715358070 0.045742 0.000191 0.009095 0.055028 42 3
1715358071 0.044959 0.000190 0.189969 0.235118 43 3
1715358072 0.054316 0.000189 0.000433 0.054938 67 3
1715358073 0.051333 0.000182 0.005028 0.056543 61 3
1715358074 0.049945 0.000185 0.041412 0.091542 43 3
1715358075 0.044680 0.000185 0.048815 0.093680 36 3
1715358076 0.058712 0.000184 0.000325 0.059221 83 3
1715358077 0.046884 0.000178 0.001294 0.048356 30 3
1715358078 0.059764 0.000191 0.000395 0.060350 105 3
1715358079 0.040552 0.000191 0.065369 0.106112 35 3
1715358080 0.045879 0.000190 0.008527 0.054596 45 3
1715358081 0.056051 0.000194 0.105669 0.161914 59 3
1715358082 0.055557 0.000198 0.002308 0.058063 60 3
1715358083 0.031188 0.000194 0.486926 0.518308 17 3
1715358084 0.054024 0.000187 0.004983 0.059194 48 3
1715358085 0.063366 0.000192 0.000766 0.064324 59 3
1715358086 0.043692 0.000184 0.002521 0.046397 23 3
1715358087 0.049687 0.000193 0.000684 0.050564 49 3
1715358088 0.065841 0.000192 0.001561 0.067594 73 3
1715358089 0.062357 0.000249 0.001484 0.064090 47 3
1715358090 0.045852 0.000186 0.013328 0.059366 43 3
1715358091 0.060005 0.000198 0.002417 0.062620 40 3
1715358092 0.055076 0.000189 0.001392 0.056657 49 3
1715358093 0.062184 0.000205 0.000336 0.062725 91 3
1715358094 0.054136 0.000200 0.002090 0.056426 67 3
1715358095 0.059881 0.000197 0.000532 0.060610 91 3
1715358096 0.074653 0.000177 0.001425 0.076255 56 3
1715358097 0.045710 0.000180 0.020200 0.066090 30 3
1715358098 0.061973 0.000184 0.001965 0.064122 98 3
1715358099 0.046702 0.000206 0.001477 0.048385 26 3
1715358100 0.059795 0.000202 0.000625 0.060622 61 3
1715358101 0.049659 0.000190 0.068092 0.117941 47 3
1715358102 0.049714 0.000185 3.518286 3.568185 57 3
1715358103 0.044417 0.000177 0.001773 0.046367 28 3
1715358104 0.052683 0.000176 0.003093 0.055952 79 3
1715358105 0.043466 0.000183 0.019586 0.063235 45 3
1715358106 0.045644 0.000177 0.018003 0.063824 20 3
1715358107 0.055971 0.000178 0.003310 0.059459 39 3
1715358108 0.042071 0.000171 0.005247 0.047489 19 3
1715358109 0.056968 0.000184 0.001461 0.058613 101 3
1715358110 0.039716 0.000175 0.089312 0.129203 23 3
1715358111 0.059274 0.000182 0.000934 0.060390 57 3
1715358112 0.048222 0.000180 0.001577 0.049979 51 3
1715358113 0.049716 0.000180 0.011247 0.061143 60 3
1715358114 0.035879 0.000172 18.507616 18.543667 21 3
1715358115 0.064847 0.000190 0.000588 0.065625 52 3
1715358116 0.050153 0.000185 0.006073 0.056411 30 3
1715358117 0.049303 0.000184 0.002548 0.052035 63 3
1715358118 0.053753 0.000189 0.001462 0.055404 66 3
1715358119 0.047899 0.000194 0.009027 0.057120 34 3
1715358120 0.051157 0.000196 0.038353 0.089706 43 3
1715358121 0.051584 0.000201 0.008063 0.059848 27 3
1715358122 0.051808 0.000197 0.003395 0.055400 41 3
1715358123 0.043214 0.000194 0.003328 0.046736 25 3
1715358124 0.048496 0.000188 0.000844 0.049528 71 3
1715358125 0.057538 0.000204 0.004134 0.061876 47 3
1715358126 0.052746 0.000191 0.001353 0.054290 37 3
1715358127 0.043483 0.000181 0.003156 0.046820 23 3
1715358128 0.059770 0.000193 0.004453 0.064416 68 3
1715358129 0.054756 0.000196 0.002851 0.057803 36 3
1715358130 0.059163 0.000193 0.001962 0.061318 60 3
1715358131 0.049395 0.000252 0.004138 0.053785 25 3
1715358132 0.043705 0.000194 0.004669 0.048568 31 3
1715358133 0.056170 0.000248 0.006442 0.062860 44 3
1715358134 0.056772 0.000195 0.002579 0.059546 70 3
1715358135 0.058398 0.000199 0.000378 0.058975 84 3
1715358136 0.044757 0.000196 4.400929 4.445882 38 3
1715358137 0.056033 0.000191 0.000519 0.056743 98 3
1715358138 0.047254 0.000189 0.017268 0.064711 36 3
1715358139 0.072533 0.000185 0.000385 0.073103 90 3
1715358140 0.048298 0.000189 0.003180 0.051667 42 3
1715358141 0.042676 0.000182 0.002793 0.045651 26 3
1715358142 0.054692 0.000185 0.001397 0.056274 60 3
1715358143 0.049621 0.000184 0.005989 0.055794 45 3
1715358144 0.044255 0.000190 0.026825 0.071270 49 3
1715358145 0.053822 0.000204 0.023626 0.077652 64 3
1715358146 0.040975 0.000189 0.029609 0.070773 26 3
1715358147 0.055695 0.000199 0.005167 0.061061 63 3
1715358148 0.058826 0.000193 0.003477 0.062496 69 3
1715358149 0.043587 0.000189 0.007456 0.051232 23 3
1715358150 0.044426 0.000197 0.121957 0.166580 38 3
1715358151 0.042256 0.000187 0.632400 0.674843 36 3
1715358152 0.038819 0.000191 0.006169 0.045179 20 3
1715358153 0.046252 0.000181 0.056199 0.102632 39 3
1715358154 0.036295 0.000176 2.074059 2.110530 7 3
1715358155 0.036986 0.000187 0.040430 0.077603 16 3
1715358156 0.057210 0.000195 0.009274 0.066679 61 3
1715358157 0.042903 0.000186 0.002393 0.045482 18 3
1715358158 0.057138 0.000186 0.000676 0.058000 66 3
1715358159 0.049376 0.000187 0.000717 0.050280 50 3
1715358160 0.050697 0.000189 0.002053 0.052939 50 3
1715358161 0.054947 0.000183 0.002257 0.057387 37 3
1715358162 0.060543 0.000191 0.000603 0.061337 73 3
1715358163 0.045272 0.000176 0.002161 0.047609 36 3
1715358164 0.068611 0.000187 0.000476 0.069274 75 3
1715358165 0.044566 0.000185 0.147926 0.192677 45 3
1715358166 0.045249 0.000183 0.023501 0.068933 40 3
1715358167 0.048121 0.000185 0.000948 0.049254 58 3
1715358168 0.054150 0.000194 0.000759 0.055103 65 3
1715358169 0.040838 0.000183 0.001729 0.042750 28 3
1715358170 0.040714 0.000177 0.022863 0.063754 19 3
1715358171 0.065921 0.000213 0.000431 0.066565 94 3
1715358172 0.052270 0.000198 0.036577 0.089045 48 3
1715358173 0.041528 0.000188 0.240168 0.281884 32 3
1715358174 0.048965 0.000188 1.473652 1.522805 21 3
1715358175 0.051088 0.000181 0.000793 0.052062 35 3
1715358176 0.043746 0.000183 0.008060 0.051989 23 3
1715358177 0.039682 0.000187 0.192943 0.232812 30 3
1715358178 0.047233 0.000191 0.001249 0.048673 51 3
1715358179 0.057982 0.000191 0.010016 0.068189 76 3
1715358180 0.070812 0.000186 0.000304 0.071302 94 3
1715358181 0.060758 0.000210 0.011354 0.072322 113 3
1715358182 0.042057 0.000186 0.014138 0.056381 14 3
1715358183 0.035475 0.000171 0.007776 0.043422 35 3
1715358184 0.040190 0.000172 0.004638 0.045000 27 3
1715358185 0.051825 0.000193 0.000385 0.052403 51 3
1715358186 0.049246 0.000184 0.003535 0.052965 31 3
1715358187 0.046617 0.000196 0.010998 0.057811 38 3
1715358188 0.055023 0.000196 0.001416 0.056635 51 3
1715358189 0.044838 0.000187 2.143895 2.188920 28 3
1715358190 0.044459 0.000186 0.000846 0.045491 43 3
1715358191 0.041478 0.000186 0.043740 0.085404 23 3
1715358192 0.040349 0.000192 3.294514 3.335055 25 3
1715358193 0.061643 0.000202 0.000857 0.062702 91 3
1715358194 0.042910 0.000188 0.002695 0.045793 33 3
1715358195 0.055219 0.000204 0.001196 0.056619 41 3
1715358196 0.061880 0.000194 0.000594 0.062668 80 3
1715358197 0.056231 0.000193 0.000874 0.057298 46 3
1715358198 0.076529 0.000205 0.000486 0.077220 83 3
1715358199 0.063751 0.000201 0.000632 0.064584 58 3
1715358200 0.044070 0.000193 0.003422 0.047685 21 3
1715358201 0.055852 0.000204 0.002959 0.059015 47 3
1715358202 0.055272 0.000197 0.002374 0.057843 40 3
1715358203 0.052009 0.000198 0.003946 0.056153 37 3
1715358204 0.050224 0.000189 0.236949 0.287362 31 3
1715358205 0.054295 0.000178 0.013131 0.067604 36 3
1715358206 0.051132 0.000201 0.008658 0.059991 48 3
1715358207 0.042290 0.000211 0.011098 0.053599 20 3
1715358208 0.069055 0.000193 0.002863 0.072111 57 3
1715358209 0.045775 0.000205 0.005504 0.051484 58 3
1715358210 0.050173 0.000187 0.002817 0.053177 54 3
1715358211 0.048579 0.000205 0.006616 0.055400 32 3
1715358212 0.036521 0.000186 0.023108 0.059815 21 3
1715358213 0.067200 0.000176 0.000651 0.068027 73 3
1715358214 0.042240 0.000184 0.011707 0.054131 17 3
1715358215 0.062844 0.000195 0.001066 0.064105 69 3
1715358216 0.050528 0.000189 0.000806 0.051523 27 3
1715358217 0.040683 0.000184 1.997152 2.038019 28 3
1715358218 0.052105 0.000189 0.000468 0.052762 77 3
1715358219 0.044799 0.000185 1.354128 1.399112 29 3
1715358220 0.074221 0.000211 0.003576 0.078008 73 3
1715358221 0.041700 0.000183 0.094158 0.136041 40 3
1715358222 0.065332 0.000202 0.000674 0.066208 59 3
1715358223 0.038503 0.000195 0.040749 0.079447 17 3
1715358224 0.039873 0.000184 0.006730 0.046787 14 3
1715358225 0.057036 0.000192 0.003360 0.060588 47 3
1715358226 0.046833 0.000192 0.029210 0.076235 28 3
1715358227 0.060517 0.000191 0.002245 0.062953 59 3
1715358228 0.052328 0.000198 0.006861 0.059387 45 3
1715358229 0.045950 0.000182 0.025285 0.071417 5 3
1715358230 0.050071 0.000185 0.022706 0.072962 73 3
1715358231 0.068116 0.000203 0.000555 0.068874 88 3
1715358232 0.055430 0.000211 0.019517 0.075158 39 3
1715358233 0.064983 0.000185 0.000412 0.065580 51 3
1715358234 0.042549 0.000191 0.040733 0.083473 33 3
1715358235 0.051892 0.000192 0.002821 0.054905 35 3
1715358236 0.050702 0.000202 0.001365 0.052269 67 3
1715358237 0.054303 0.000201 0.007096 0.061600 51 3
1715358238 0.047469 0.000197 0.043336 0.091002 24 3
1715358239 0.059018 0.000184 0.001608 0.060810 70 3
1715358240 0.060050 0.000190 0.000270 0.060510 82 3
1715358241 0.060834 0.000205 0.000839 0.061878 61 3
1715358242 0.034699 0.000196 0.033617 0.068512 16 3
1715358243 0.056282 0.000206 0.104335 0.160823 48 3
1715358244 0.043688 0.000188 0.003418 0.047294 33 3
1715358245 0.052363 0.000203 0.019030 0.071596 41 3
1715358246 0.043435 0.000191 47.943057 47.986683 25 3
1715358247 0.061577 0.000195 0.000944 0.062716 72 3
1715358248 0.046327 0.000185 0.004008 0.050520 23 3
1715358249 0.055426 0.000203 0.003234 0.058863 39 3
1715358250 0.061684 0.000204 0.000679 0.062567 78 3
1715358251 0.040383 0.000178 0.017132 0.057693 34 3
1715358252 0.043180 0.000194 0.036607 0.079981 23 3
1715358253 0.054953 0.000192 0.006008 0.061153 79 3
1715358254 0.065033 0.000188 0.000588 0.065809 96 3
1715358255 0.047602 0.000198 0.013429 0.061229 32 3
1715358256 0.053042 0.000199 0.016847 0.070088 59 3
1715358257 0.039377 0.000185 0.160108 0.199670 8 3
1715358258 0.046338 0.000209 0.001369 0.047916 46 3
1715358259 0.052126 0.000208 0.017555 0.069889 35 3
1715358260 0.055595 0.000197 0.000579 0.056371 72 3
1715358261 0.049143 0.000190 0.003237 0.052570 30 3
1715358262 0.039669 0.000187 0.061343 0.101199 21 3
1715358263 0.047702 0.000196 0.020763 0.068661 39 3
1715358264 0.043453 0.000184 0.006890 0.050527 22 3
1715358265 0.039142 0.000184 0.009165 0.048491 46 3
1715358266 0.049696 0.000189 0.013463 0.063348 27 3
1715358267 0.064150 0.000200 0.001792 0.066142 66 3
1715358268 0.047343 0.000190 0.001732 0.049265 31 3
1715358269 0.056467 0.000194 0.001448 0.058109 56 3
1715358270 0.049663 0.000205 0.023060 0.072928 47 3
1715358271 0.046255 0.000188 0.005755 0.052198 41 3
1715358272 0.047890 0.000184 0.047084 0.095158 28 3
1715358273 0.048024 0.000185 0.003860 0.052069 45 3
1715358274 0.046956 0.000195 0.002141 0.049292 26 3
1715358275 0.061162 0.000194 0.000551 0.061907 85 3
1715358276 0.069615 0.000199 0.004248 0.074062 57 3
1715358277 0.054726 0.000198 0.001363 0.056287 40 3
1715358278 0.054746 0.000198 0.001172 0.056116 86 3
1715358279 0.052898 0.000190 0.000738 0.053826 65 3
1715358280 0.032716 0.000173 0.008886 0.041775 8 3
1715358281 0.041854 0.000207 0.071775 0.113836 23 3
1715358282 0.061575 0.000201 0.000572 0.062348 88 3
1715358283 0.039004 0.000186 0.003311 0.042501 21 3
1715358284 0.047081 0.000191 0.003684 0.050956 54 3
1715358285 0.047656 0.000202 0.048456 0.096314 32 3
1715358286 0.073295 0.000206 0.001078 0.074579 78 3
1715358287 0.048889 0.000195 0.022359 0.071443 34 3
1715358288 0.048579 0.000200 0.005081 0.053860 58 3
1715358289 0.055941 0.000181 0.001519 0.057641 42 3
1715358290 0.050797 0.000206 0.001733 0.052736 46 3
1715358291 0.058027 0.000200 0.002416 0.060643 86 3
1715358292 0.051724 0.000185 0.002930 0.054839 37 3
1715358293 0.069111 0.000186 0.008234 0.077531 33 3
1715358294 0.045544 0.000187 0.001085 0.046816 30 3
1715358295 0.037972 0.000189 0.007924 0.046085 35 3
1715358296 0.041734 0.000195 0.006698 0.048627 17 3
1715358297 0.058131 0.000192 0.003145 0.061468 74 3
1715358298 0.058541 0.000185 0.002360 0.061086 47 3
1715358299 0.048670 0.000196 0.001113 0.049979 58 3
1715358300 0.050993 0.000178 0.034630 0.085801 49 3
1715358301 0.053060 0.000184 0.003367 0.056611 42 3
1715358302 0.048646 0.000193 0.006842 0.055681 41 3
1715358303 0.044881 0.000186 0.034402 0.079469 21 3
1715358304 0.048338 0.000194 0.001319 0.049851 37 3
1715358305 0.062406 0.000202 0.000559 0.063167 87 3
1715358306 0.079365 0.000216 0.003754 0.083335 101 3
1715358307 0.041863 0.000198 0.007632 0.049693 48 3
1715358308 0.041484 0.000179 0.001556 0.043219 38 3
1715358309 0.050117 0.000199 0.001489 0.051805 90 3
1715358310 0.052918 0.000191 0.002656 0.055765 65 3
1715358311 0.046820 0.000206 0.046206 0.093232 50 3
1715358312 0.081935 0.000196 0.000451 0.082582 77 3
1715358313 0.051128 0.000199 0.001745 0.053072 56 3
1715358314 0.041914 0.000196 0.181300 0.223410 30 3
1715358315 0.052244 0.000188 0.004658 0.057090 46 3
1715358316 0.049200 0.000194 0.002649 0.052043 42 3
1715358317 0.048012 0.000189 0.009180 0.057381 50 3
1715358318 0.061145 0.000207 0.008556 0.069908 78 3
1715358319 0.051800 0.000190 0.000435 0.052425 42 3
1715358320 0.045891 0.000196 0.038080 0.084167 53 3
1715358321 0.042041 0.000185 0.001182 0.043408 41 3
1715358322 0.066140 0.000199 0.001477 0.067816 85 3
1715358323 0.049765 0.000194 0.002855 0.052814 37 3
1715358324 0.074726 0.000200 0.001301 0.076227 115 3
1715358325 0.056948 0.000190 0.000723 0.057861 65 3
1715358326 0.047871 0.000187 0.005742 0.053800 35 3
1715358327 0.051699 0.000193 0.001485 0.053377 44 3
1715358328 0.063600 0.000187 0.001473 0.065260 22 3
1715358329 0.058325 0.000193 0.003832 0.062350 34 3
1715358330 0.042985 0.000183 0.002634 0.045802 70 3
1715358331 0.036960 0.000180 0.011213 0.048353 37 3
1715358332 0.050898 0.000188 0.000975 0.052061 60 3
1715358333 0.049970 0.000197 1.090833 1.141000 60 3
1715358334 0.041989 0.000194 0.025323 0.067506 22 3
1715358335 0.059170 0.000218 0.001117 0.060505 82 3
1715358336 0.052695 0.000211 0.003572 0.056478 51 3
1715358337 0.072762 0.000216 0.000846 0.073824 97 3
1715358338 0.082348 0.000203 0.004568 0.087119 94 3
1715358339 0.044186 0.000194 0.003095 0.047475 47 3
1715358340 0.042062 0.000195 0.004425 0.046682 26 3
1715358341 0.050375 0.000189 0.000481 0.051045 49 3
1715358342 0.039080 0.000193 0.029330 0.068603 15 3
1715358343 0.046904 0.000191 0.001108 0.048203 44 3
1715358344 0.035860 0.000187 0.054317 0.090364 17 3
1715358345 0.049520 0.000185 0.000778 0.050483 35 3
1715358346 0.044363 0.000182 0.003660 0.048205 33 3
1715358347 0.049637 0.000179 0.021078 0.070894 39 3
1715358348 0.053323 0.000188 0.000717 0.054228 49 3
1715358349 0.070635 0.000199 0.000705 0.071539 108 3
1715358350 0.045175 0.000183 0.000735 0.046093 36 3
1715358351 0.090929 0.000192 0.000560 0.091681 73 3
1715358352 0.041248 0.000175 0.754301 0.795724 19 3
1715358353 0.057472 0.000200 0.000635 0.058307 54 3
1715358354 0.043487 0.000183 0.014577 0.058247 47 3
1715358355 0.040102 0.000190 0.045972 0.086264 18 3
1715358356 0.055243 0.000184 0.013362 0.068789 63 3
1715358357 0.062973 0.000190 0.001829 0.064992 61 3
1715358358 0.046553 0.000199 0.000716 0.047468 67 3
1715358359 0.040889 0.000195 0.039918 0.081002 26 3
1715358360 0.051496 0.000186 0.028028 0.079710 40 3
1715358361 0.049667 0.000207 0.001711 0.051585 40 3
1715358362 0.047477 0.000192 0.041966 0.089635 36 3
1715358363 0.081779 0.000200 0.004170 0.086149 61 3
1715358364 0.055476 0.000199 0.001836 0.057511 55 3
1715358365 0.072002 0.000204 0.001092 0.073298 66 3
1715358366 0.049118 0.000201 0.018815 0.068134 54 3
1715358367 0.066591 0.000215 0.000950 0.067756 61 3
1715358368 0.050230 0.000201 0.002794 0.053225 64 3
1715358369 0.056597 0.000203 0.002288 0.059088 43 3
1715358370 0.079386 0.000203 0.005936 0.085525 45 3
1715358371 0.041601 0.000191 0.733817 0.775609 14 3
1715358372 0.063928 0.000188 0.000187 0.064303 105 3
1715358373 0.047700 0.000189 0.004096 0.051985 45 3
1715358374 0.040002 0.000186 0.005494 0.045682 26 3
1715358375 0.045016 0.000188 0.004118 0.049322 35 3
1715358376 0.048866 0.000186 0.002051 0.051103 27 3
1715358377 0.054130 0.000191 0.016321 0.070642 33 3
1715358378 0.046913 0.000185 0.004068 0.051166 51 3
1715358379 0.046996 0.000185 0.005813 0.052994 46 3
1715358380 0.057000 0.000199 0.001379 0.058578 53 3
1715358381 0.063849 0.000205 0.049164 0.113218 86 3
1715358382 0.045656 0.000188 0.007321 0.053165 39 3
