1715345018 0.070268 0.000276 0.051380 0.121924 26 3
1715345019 0.080047 0.000245 0.143647 0.223939 44 3
1715345020 0.069144 0.000414 0.012906 0.082464 26 3
1715345021 0.107505 0.000240 0.006529 0.114274 78 3
1715345022 0.070498 0.000234 0.003854 0.074586 69 3
1715345023 0.081234 0.000226 0.047893 0.129353 41 3
1715345024 0.070642 0.000242 0.033934 0.104818 26 3
1715345025 0.053651 0.000218 33.321054 33.374923 15 3
1715345026 0.062576 0.000222 1.235051 1.297849 29 3
1715345027 0.076753 0.000227 0.068441 0.145421 54 3
1715345028 0.061299 0.000209 0.088071 0.149579 22 3
1715345029 0.059745 0.000214 0.014601 0.074560 12 3
1715345030 0.089987 0.000229 0.013227 0.103443 51 3
1715345031 0.081311 0.000241 0.031040 0.112592 43 3
1715345032 0.076278 0.000232 0.040669 0.117179 46 3
1715345033 0.082457 0.000227 0.004620 0.087304 65 3
1715345034 0.068763 0.000230 0.478486 0.547479 45 3
1715345035 0.093169 0.000233 0.018294 0.111696 73 3
1715345036 0.066559 0.000214 0.011888 0.078661 32 3
1715345037 0.071583 0.000230 0.028194 0.100007 30 3
1715345038 0.067998 0.000226 1.016708 1.084932 11 3
1715345039 0.078972 0.000230 0.009337 0.088539 83 3
1715345040 0.088237 0.000229 0.002596 0.091062 50 3
1715345041 0.082931 0.000220 0.225594 0.308745 45 3
1715345042 0.076330 0.000207 0.757073 0.833610 37 3
1715345043 0.096308 0.000224 0.001477 0.098009 80 3
1715345044 0.049858 0.000208 0.105254 0.155320 13 3
1715345045 0.073317 0.000214 0.002287 0.075818 49 3
1715345046 0.078766 0.000220 0.001045 0.080031 53 3
1715345047 0.086688 0.000224 0.010663 0.097575 91 3
1715345048 0.095595 0.000225 0.002427 0.098247 72 3
1715345049 0.080188 0.000222 0.005815 0.086225 64 3
1715345050 0.080837 0.000238 0.001524 0.082599 42 3
1715345051 0.080281 0.000221 0.012520 0.093022 67 3
1715345052 0.072678 0.000231 0.083016 0.155925 42 3
1715345053 0.071788 0.000215 0.012447 0.084450 27 3
1715345054 0.067517 0.000212 0.695264 0.762993 27 3
1715345055 0.083398 0.000217 0.027151 0.110766 50 3
1715345056 0.077438 0.000219 0.010573 0.088230 55 3
1715345057 0.082730 0.000210 0.039593 0.122533 55 3
1715345058 0.070225 0.000220 0.010136 0.080581 35 3
1715345059 0.098617 0.000237 0.000599 0.099453 110 3
1715345060 0.081969 0.000222 0.019419 0.101610 62 3
1715345061 0.066970 0.000220 0.030281 0.097471 23 3
1715345062 0.060857 0.000213 0.009738 0.070808 9 3
1715345063 0.082356 0.000227 0.001191 0.083774 70 3
1715345064 0.078720 0.000227 0.029745 0.108692 64 3
1715345065 0.106313 0.000236 0.000519 0.107068 115 3
1715345066 0.060115 0.000223 0.328925 0.389263 19 3
1715345067 0.069443 0.000229 0.032224 0.101896 42 3
1715345068 0.100663 0.000222 0.005609 0.106494 74 3
1715345069 0.087879 0.000216 0.002402 0.090497 65 3
1715345070 0.086156 0.000219 0.055661 0.142036 51 3
1715345071 0.080666 0.000241 0.003408 0.084315 40 3
1715345072 0.060299 0.000215 0.067423 0.127937 26 3
1715345073 0.088276 0.000229 0.004042 0.092547 68 3
1715345074 0.113381 0.000221 0.000791 0.114393 74 3
1715345075 0.075243 0.000219 0.032051 0.107513 31 3
1715345076 0.069684 0.000230 0.105064 0.174978 43 3
1715345077 0.106529 0.000225 0.006671 0.113425 82 3
1715345078 0.075164 0.000215 0.009166 0.084545 33 3
1715345079 0.079835 0.000221 0.012676 0.092732 62 3
1715345080 0.076469 0.000221 0.019487 0.096177 50 3
1715345081 0.080887 0.000207 0.005197 0.086291 57 3
1715345082 0.066881 0.000218 0.241183 0.308282 19 3
1715345083 0.096126 0.000223 0.000666 0.097015 89 3
1715345084 0.059203 0.000216 0.271907 0.331326 35 3
1715345085 0.056719 0.000222 12.972165 13.029106 33 3
1715345086 0.100023 0.000235 0.001350 0.101608 112 3
1715345087 0.055560 0.000210 1.648843 1.704613 15 3
1715345088 0.075534 0.000232 0.194531 0.270297 39 3
1715345089 0.110705 0.000247 0.046674 0.157626 107 3
1715345090 0.081156 0.000229 0.013530 0.094915 50 3
1715345091 0.091998 0.000217 0.001722 0.093937 44 3
1715345092 0.101705 0.000226 0.002466 0.104397 47 3
1715345093 0.120146 0.000226 0.006546 0.126918 82 3
1715345094 0.087440 0.000236 0.005444 0.093120 72 3
1715345095 0.087105 0.000231 0.028610 0.115946 76 3
1715345096 0.100637 0.000240 0.003884 0.104761 63 3
1715345097 0.104357 0.000239 0.000716 0.105312 94 3
1715345098 0.089716 0.000246 0.038926 0.128888 64 3
1715345099 0.070344 0.000216 0.429091 0.499651 25 3
1715345100 0.074461 0.000221 0.017072 0.091754 19 3
1715345101 0.068230 0.000214 0.009627 0.078071 25 3
1715345102 0.084116 0.000224 0.006165 0.090505 63 3
1715345103 0.075485 0.000232 0.016491 0.092208 55 3
1715345104 0.116552 0.000240 0.005048 0.121840 94 3
1715345105 0.088182 0.000240 0.001641 0.090063 42 3
1715345106 0.064558 0.000218 1.452725 1.517501 35 3
1715345107 0.097607 0.000247 0.138999 0.236853 64 3
1715345108 0.083520 0.000227 0.002574 0.086321 62 3
1715345109 0.109811 0.000226 0.002170 0.112207 80 3
1715345110 0.112571 0.000228 0.000373 0.113172 128 3
1715345111 0.093606 0.000236 0.004067 0.097909 59 3
1715345112 0.064009 0.000222 0.029056 0.093287 22 3
1715345113 0.105489 0.000236 0.001193 0.106918 118 3
1715345114 0.078864 0.000228 0.002783 0.081875 48 3
1715345115 0.106195 0.000220 0.000364 0.106779 119 3
1715345116 0.055678 0.000213 0.175144 0.231035 41 3
1715345117 0.078049 0.000221 0.003235 0.081505 65 3
